Tempo (s)	Sensor1	Sensor2	Sensor3
0.0	103.5	0.0	0.0
5.0	103.75	0.0	0.0
10.0	103.25	0.0	0.0
16.0	103.0	0.0	0.0
21.0	102.75	0.0	0.0
26.0	103.0	0.0	0.0
31.0	102.5	0.0	0.0
36.0	103.0	0.0	0.0
41.0	102.5	0.0	0.0
46.0	102.5	0.0	0.0
51.0	102.5	0.0	0.0
56.0	102.5	0.0	0.0
61.0	102.0	0.0	0.0
66.0	102.0	0.0	0.0
71.0	102.0	0.0	0.0
76.0	102.0	0.0	0.0
81.0	102.0	0.0	0.0
86.0	101.75	0.0	0.0
91.0	101.75	0.0	0.0
96.0	101.75	0.0	0.0
101.0	101.5	0.0	0.0
106.0	101.5	0.0	0.0
111.0	101.25	0.0	0.0
116.0	101.5	0.0	0.0
121.0	101.25	0.0	0.0
126.0	101.25	0.0	0.0
131.0	100.75	0.0	0.0
136.0	101.0	0.0	0.0
141.0	101.0	0.0	0.0
146.0	100.75	0.0	0.0
151.0	100.25	0.0	0.0
157.0	100.75	0.0	0.0
162.0	100.0	0.0	0.0
167.0	100.5	0.0	0.0
172.0	100.75	0.0	0.0
177.0	100.25	0.0	0.0
182.0	99.75	0.0	0.0
187.0	100.0	0.0	0.0
192.0	99.5	0.0	0.0
197.0	100.25	0.0	0.0
202.0	99.75	0.0	0.0
207.0	99.5	0.0	0.0
212.0	99.5	0.0	0.0
217.0	99.25	0.0	0.0
222.0	99.25	0.0	0.0
227.0	99.5	0.0	0.0
232.0	99.0	0.0	0.0
237.0	99.25	0.0	0.0
242.0	99.0	0.0	0.0
247.0	98.5	0.0	0.0
252.0	98.75	0.0	0.0
257.0	98.75	0.0	0.0
262.0	98.25	0.0	0.0
267.0	98.0	0.0	0.0
272.0	98.5	0.0	0.0
277.0	98.0	0.0	0.0
282.0	98.25	0.0	0.0
287.0	98.25	0.0	0.0
293.0	97.75	0.0	0.0
298.0	98.0	0.0	0.0
303.0	97.75	0.0	0.0
308.0	97.25	0.0	0.0
313.0	97.75	0.0	0.0
318.0	97.25	0.0	0.0
323.0	96.75	0.0	0.0
328.0	97.5	0.0	0.0
333.0	97.0	0.0	0.0
338.0	97.25	0.0	0.0
343.0	97.25	0.0	0.0
348.0	97.0	0.0	0.0
353.0	96.5	0.0	0.0
358.0	96.25	0.0	0.0
363.0	96.75	0.0	0.0
368.0	96.5	0.0	0.0
373.0	96.75	0.0	0.0
378.0	96.5	0.0	0.0
383.0	96.25	0.0	0.0
388.0	96.5	0.0	0.0
393.0	96.25	0.0	0.0
398.0	96.25	0.0	0.0
403.0	96.25	0.0	0.0
408.0	95.75	0.0	0.0
413.0	96.0	0.0	0.0
418.0	96.0	0.0	0.0
423.0	95.75	0.0	0.0
428.0	95.0	0.0	0.0
434.0	95.25	0.0	0.0
439.0	95.75	0.0	0.0
444.0	95.25	0.0	0.0
449.0	95.0	0.0	0.0
454.0	95.0	0.0	0.0
459.0	94.75	0.0	0.0
464.0	95.0	0.0	0.0
469.0	94.5	0.0	0.0
474.0	95.0	0.0	0.0
479.0	95.0	0.0	0.0
484.0	94.5	0.0	0.0
489.0	95.0	0.0	0.0
494.0	94.5	0.0	0.0
499.0	94.25	0.0	0.0
504.0	94.25	0.0	0.0
510.0	94.0	0.0	0.0
515.0	94.0	0.0	0.0
520.0	94.0	0.0	0.0
525.0	94.0	0.0	0.0
530.0	94.25	0.0	0.0
535.0	93.5	0.0	0.0
540.0	93.75	0.0	0.0
545.0	93.5	0.0	0.0
550.0	93.75	0.0	0.0
555.0	93.0	0.0	0.0
560.0	93.25	0.0	0.0
565.0	93.0	0.0	0.0
570.0	93.25	0.0	0.0
575.0	93.25	0.0	0.0
580.0	93.25	0.0	0.0
585.0	92.5	0.0	0.0
590.0	93.0	0.0	0.0
595.0	92.75	0.0	0.0
600.0	92.75	0.0	0.0
605.0	92.0	0.0	0.0
611.0	92.0	0.0	0.0
616.0	92.0	0.0	0.0
621.0	92.25	0.0	0.0
626.0	92.0	0.0	0.0
631.0	92.0	0.0	0.0
636.0	92.25	0.0	0.0
641.0	92.25	0.0	0.0
646.0	92.0	0.0	0.0
651.0	91.75	0.0	0.0
656.0	91.25	0.0	0.0
661.0	91.75	0.0	0.0
666.0	91.25	0.0	0.0
671.0	91.75	0.0	0.0
676.0	91.25	0.0	0.0
681.0	91.0	0.0	0.0
686.0	91.25	0.0	0.0
691.0	91.25	0.0	0.0
696.0	90.75	0.0	0.0
701.0	91.25	0.0	0.0
707.0	91.0	0.0	0.0
712.0	90.5	0.0	0.0
717.0	91.0	0.0	0.0
722.0	90.5	0.0	0.0
727.0	91.0	0.0	0.0
732.0	90.5	0.0	0.0
737.0	90.5	0.0	0.0
742.0	90.5	0.0	0.0
747.0	90.25	0.0	0.0
752.0	90.25	0.0	0.0
757.0	89.75	0.0	0.0
762.0	89.75	0.0	0.0
767.0	90.25	0.0	0.0
772.0	89.75	0.0	0.0
777.0	89.75	0.0	0.0
782.0	89.5	0.0	0.0
787.0	89.25	0.0	0.0
792.0	89.5	0.0	0.0
797.0	89.0	0.0	0.0
802.0	89.5	0.0	0.0
807.0	89.25	0.0	0.0
812.0	89.5	0.0	0.0
817.0	89.25	0.0	0.0
822.0	89.25	0.0	0.0
828.0	89.0	0.0	0.0
833.0	89.0	0.0	0.0
838.0	88.5	0.0	0.0
843.0	88.5	0.0	0.0
848.0	88.75	0.0	0.0
853.0	88.75	0.0	0.0
858.0	88.75	0.0	0.0
863.0	88.75	0.0	0.0
868.0	87.75	0.0	0.0
873.0	88.5	0.0	0.0
878.0	88.25	0.0	0.0
883.0	88.25	0.0	0.0
888.0	88.0	0.0	0.0
893.0	88.0	0.0	0.0
898.0	87.5	0.0	0.0
903.0	88.0	0.0	0.0
908.0	87.25	0.0	0.0
913.0	87.75	0.0	0.0
918.0	87.5	0.0	0.0
923.0	87.75	0.0	0.0
928.0	87.75	0.0	0.0
934.0	87.5	0.0	0.0
939.0	87.0	0.0	0.0
944.0	87.5	0.0	0.0
949.0	87.0	0.0	0.0
954.0	86.75	0.0	0.0
959.0	87.25	0.0	0.0
964.0	86.75	0.0	0.0
969.0	86.5	0.0	0.0
974.0	86.25	0.0	0.0
979.0	86.5	0.0	0.0
984.0	86.75	0.0	0.0
989.0	86.5	0.0	0.0
994.0	86.5	0.0	0.0
999.0	86.25	0.0	0.0
1004.0	85.75	0.0	0.0
1009.0	86.25	0.0	0.0
1014.0	86.0	0.0	0.0
1019.0	85.5	0.0	0.0
1024.0	85.75	0.0	0.0
1029.0	85.75	0.0	0.0
1034.0	85.75	0.0	0.0
1039.0	85.75	0.0	0.0
1044.0	85.5	0.0	0.0
1050.0	85.25	0.0	0.0
1055.0	84.75	0.0	0.0
1060.0	85.0	0.0	0.0
1065.0	85.0	0.0	0.0
1070.0	85.0	0.0	0.0
1075.0	85.25	0.0	0.0
1080.0	84.75	0.0	0.0
1085.0	85.0	0.0	0.0
1090.0	84.75	0.0	0.0
1095.0	85.0	0.0	0.0
1100.0	84.75	0.0	0.0
1105.0	84.75	0.0	0.0
1110.0	84.75	0.0	0.0
1115.0	84.5	0.0	0.0
1120.0	84.5	0.0	0.0
1125.0	84.5	0.0	0.0
1130.0	83.75	0.0	0.0
1135.0	84.25	0.0	0.0
1140.0	83.75	0.0	0.0
1145.0	84.0	0.0	0.0
1150.0	83.75	0.0	0.0
1155.0	84.25	0.0	0.0
1160.0	83.75	0.0	0.0
1166.0	83.25	0.0	0.0
1171.0	83.5	0.0	0.0
1176.0	83.25	0.0	0.0
1181.0	83.0	0.0	0.0
1186.0	83.5	0.0	0.0
1191.0	83.5	0.0	0.0
1196.0	83.25	0.0	0.0
1201.0	83.25	0.0	0.0
1206.0	83.25	0.0	0.0
1211.0	82.75	0.0	0.0
1216.0	83.0	0.0	0.0
1221.0	83.0	0.0	0.0
1226.0	83.0	0.0	0.0
1231.0	82.5	0.0	0.0
1236.0	82.5	0.0	0.0
1241.0	82.75	0.0	0.0
1246.0	82.75	0.0	0.0
1251.0	82.25	0.0	0.0
1256.0	82.5	0.0	0.0
1261.0	82.5	0.0	0.0
1266.0	82.0	0.0	0.0
1271.0	82.0	0.0	0.0
1276.0	82.0	0.0	0.0
1282.0	82.0	0.0	0.0
1287.0	81.75	0.0	0.0
1292.0	82.0	0.0	0.0
1297.0	81.75	0.0	0.0
1302.0	81.0	0.0	0.0
1307.0	81.75	0.0	0.0
1312.0	81.5	0.0	0.0
1317.0	81.0	0.0	0.0
1322.0	81.25	0.0	0.0
1327.0	81.25	0.0	0.0
1332.0	80.5	0.0	0.0
1337.0	80.75	0.0	0.0
1342.0	80.5	0.0	0.0
1348.0	80.75	0.0	0.0
1353.0	81.0	0.0	0.0
1358.0	80.75	0.0	0.0
1363.0	80.75	0.0	0.0
1368.0	80.75	0.0	0.0
1373.0	80.25	0.0	0.0
1378.0	80.5	0.0	0.0
1383.0	80.25	0.0	0.0
1388.0	80.25	0.0	0.0
1393.0	80.5	0.0	0.0
1398.0	80.0	0.0	0.0
1403.0	79.75	0.0	0.0
1408.0	79.75	0.0	0.0
1413.0	79.5	0.0	0.0
1418.0	80.25	0.0	0.0
1423.0	80.0	0.0	0.0
1428.0	79.75	0.0	0.0
1433.0	80.0	0.0	0.0
1438.0	79.5	0.0	0.0
1443.0	79.75	0.0	0.0
1448.0	79.75	0.0	0.0
1453.0	79.0	0.0	0.0
1458.0	79.5	0.0	0.0
1463.0	79.5	0.0	0.0
1468.0	79.5	0.0	0.0
1474.0	79.25	0.0	0.0
1479.0	79.25	0.0	0.0
1484.0	79.0	0.0	0.0
1489.0	79.25	0.0	0.0
1494.0	79.0	0.0	0.0
1499.0	79.0	0.0	0.0
1504.0	79.0	0.0	0.0
1509.0	78.5	0.0	0.0
1514.0	78.75	0.0	0.0
1519.0	78.75	0.0	0.0
1524.0	78.25	0.0	0.0
1529.0	78.75	0.0	0.0
1534.0	78.5	0.0	0.0
1539.0	78.0	0.0	0.0
1544.0	78.25	0.0	0.0
1549.0	77.75	0.0	0.0
1554.0	78.0	0.0	0.0
1559.0	77.75	0.0	0.0
1564.0	78.0	0.0	0.0
1569.0	77.5	0.0	0.0
1574.0	77.75	0.0	0.0
1579.0	77.75	0.0	0.0
1584.0	77.5	0.0	0.0
1589.0	77.75	0.0	0.0
1594.0	77.0	0.0	0.0
1599.0	77.5	0.0	0.0
1604.0	77.75	0.0	0.0
1609.0	76.5	0.0	0.0
1614.0	77.0	0.0	0.0
1619.0	77.25	0.0	0.0
1624.0	76.75	0.0	0.0
1630.0	77.25	0.0	0.0
1635.0	77.0	0.0	0.0
1640.0	76.75	0.0	0.0
1645.0	77.0	0.0	0.0
1650.0	76.75	0.0	0.0
1655.0	76.75	0.0	0.0
1660.0	76.5	0.0	0.0
1665.0	76.5	0.0	0.0
1670.0	75.75	0.0	0.0
1675.0	76.5	0.0	0.0
1680.0	76.5	0.0	0.0
1685.0	76.0	0.0	0.0
1690.0	76.5	0.0	0.0
1695.0	75.75	0.0	0.0
1700.0	76.25	0.0	0.0
1705.0	75.75	0.0	0.0
1710.0	76.0	0.0	0.0
1715.0	75.75	0.0	0.0
1721.0	75.75	0.0	0.0
1726.0	76.0	0.0	0.0
1731.0	75.5	0.0	0.0
1736.0	75.25	0.0	0.0
1741.0	75.75	0.0	0.0
1746.0	75.5	0.0	0.0
1751.0	75.0	0.0	0.0
1756.0	75.5	0.0	0.0
1761.0	75.0	0.0	0.0
1766.0	75.25	0.0	0.0
1771.0	75.0	0.0	0.0
1776.0	75.25	0.0	0.0
1781.0	75.0	0.0	0.0
1786.0	74.25	0.0	0.0
1791.0	75.0	0.0	0.0
1796.0	74.75	0.0	0.0
1801.0	74.25	0.0	0.0
1806.0	74.25	0.0	0.0
1811.0	74.5	0.0	0.0
1816.0	74.5	0.0	0.0
1821.0	74.75	0.0	0.0
1826.0	74.5	0.0	0.0
1831.0	74.25	0.0	0.0
1836.0	74.5	0.0	0.0
1841.0	74.0	0.0	0.0
1846.0	74.25	0.0	0.0
1851.0	74.5	0.0	0.0
1856.0	74.25	0.0	0.0
1861.0	73.5	0.0	0.0
1866.0	74.0	0.0	0.0
1871.0	74.0	0.0	0.0
1877.0	73.75	0.0	0.0
1882.0	73.75	0.0	0.0
1887.0	73.75	0.0	0.0
1892.0	73.75	0.0	0.0
1897.0	73.25	0.0	0.0
1902.0	73.5	0.0	0.0
1907.0	73.75	0.0	0.0
1912.0	73.5	0.0	0.0
1917.0	73.5	0.0	0.0
1922.0	73.25	0.0	0.0
1927.0	73.0	0.0	0.0
1932.0	73.25	0.0	0.0
1937.0	73.0	0.0	0.0
1942.0	73.0	0.0	0.0
1947.0	73.25	0.0	0.0
1952.0	73.0	0.0	0.0
1957.0	73.0	0.0	0.0
1962.0	72.25	0.0	0.0
1967.0	72.5	0.0	0.0
1972.0	73.0	0.0	0.0
1977.0	72.75	0.0	0.0
1982.0	72.75	0.0	0.0
1987.0	72.25	0.0	0.0
1992.0	72.25	0.0	0.0
1998.0	72.5	0.0	0.0
2003.0	72.25	0.0	0.0
2008.0	71.75	0.0	0.0
2013.0	72.25	0.0	0.0
2018.0	72.25	0.0	0.0
2023.0	71.75	0.0	0.0
2028.0	72.25	0.0	0.0
2033.0	72.0	0.0	0.0
2038.0	71.25	0.0	0.0
2043.0	71.5	0.0	0.0
2048.0	71.75	0.0	0.0
2053.0	71.75	0.0	0.0
2058.0	72.0	0.0	0.0
2063.0	71.5	0.0	0.0
2068.0	71.5	0.0	0.0
2073.0	71.75	0.0	0.0
2078.0	71.0	0.0	0.0
2083.0	71.0	0.0	0.0
2088.0	71.5	0.0	0.0
2093.0	71.0	0.0	0.0
2098.0	71.25	0.0	0.0
2103.0	71.25	0.0	0.0
2108.0	71.25	0.0	0.0
2114.0	71.25	0.0	0.0
2119.0	71.0	0.0	0.0
2124.0	71.0	0.0	0.0
2129.0	71.25	0.0	0.0
2134.0	71.0	0.0	0.0
2139.0	70.5	0.0	0.0
2144.0	70.75	0.0	0.0
2149.0	70.0	0.0	0.0
2154.0	70.25	0.0	0.0
2159.0	70.75	0.0	0.0
2164.0	69.75	0.0	0.0
2169.0	70.5	0.0	0.0
2174.0	70.75	0.0	0.0
2179.0	70.5	0.0	0.0
2184.0	70.25	0.0	0.0
2189.0	70.0	0.0	0.0
2194.0	70.25	0.0	0.0
2199.0	70.25	0.0	0.0
2205.0	70.0	0.0	0.0
2210.0	69.75	0.0	0.0
2215.0	70.0	0.0	0.0
2220.0	69.25	0.0	0.0
2225.0	69.75	0.0	0.0
2230.0	70.0	0.0	0.0
2235.0	69.75	0.0	0.0
2240.0	69.5	0.0	0.0
2245.0	69.5	0.0	0.0
2250.0	69.25	0.0	0.0
2255.0	69.5	0.0	0.0
2260.0	69.25	0.0	0.0
2265.0	69.25	0.0	0.0
2270.0	68.75	0.0	0.0
2275.0	69.0	0.0	0.0
2280.0	69.0	0.0	0.0
2285.0	69.25	0.0	0.0
2290.0	68.75	0.0	0.0
2295.0	69.0	0.0	0.0
2300.0	68.5	0.0	0.0
2305.0	68.5	0.0	0.0
2310.0	68.25	0.0	0.0
2315.0	68.75	0.0	0.0
2320.0	69.0	0.0	0.0
2325.0	68.5	0.0	0.0
2331.0	68.5	0.0	0.0
2336.0	68.5	0.0	0.0
2341.0	68.5	0.0	0.0
2346.0	68.5	0.0	0.0
2351.0	68.25	0.0	0.0
2356.0	68.25	0.0	0.0
2361.0	67.75	0.0	0.0
2366.0	68.5	0.0	0.0
2371.0	68.25	0.0	0.0
2376.0	67.75	0.0	0.0
2381.0	68.0	0.0	0.0
2386.0	67.75	0.0	0.0
2391.0	67.5	0.0	0.0
2396.0	68.0	0.0	0.0
2401.0	67.75	0.0	0.0
2406.0	67.75	0.0	0.0
2411.0	67.75	0.0	0.0
2416.0	67.5	0.0	0.0
2421.0	67.75	0.0	0.0
2426.0	67.5	0.0	0.0
2431.0	67.5	0.0	0.0
2437.0	67.25	0.0	0.0
2442.0	67.25	0.0	0.0
2447.0	67.5	0.0	0.0
2452.0	66.75	0.0	0.0
2457.0	66.75	0.0	0.0
2462.0	67.25	0.0	0.0
2467.0	67.0	0.0	0.0
2472.0	67.0	0.0	0.0
2477.0	66.5	0.0	0.0
2482.0	67.0	0.0	0.0
2487.0	66.75	0.0	0.0
2492.0	66.25	0.0	0.0
2497.0	66.75	0.0	0.0
2502.0	66.75	0.0	0.0
2507.0	66.75	0.0	0.0
2512.0	66.5	0.0	0.0
2517.0	66.5	0.0	0.0
2522.0	66.5	0.0	0.0
2527.0	66.5	0.0	0.0
2532.0	66.5	0.0	0.0
2537.0	66.0	0.0	0.0
2542.0	65.5	0.0	0.0
2547.0	66.25	0.0	0.0
2552.0	66.25	0.0	0.0
2557.0	66.25	0.0	0.0
2562.0	66.0	0.0	0.0
2567.0	66.0	0.0	0.0
2572.0	66.25	0.0	0.0
2577.0	65.25	0.0	0.0
2582.0	66.0	0.0	0.0
2587.0	65.75	0.0	0.0
2592.0	65.25	0.0	0.0
2598.0	65.75	0.0	0.0
2603.0	65.5	0.0	0.0
2608.0	65.75	0.0	0.0
2613.0	65.25	0.0	0.0
2618.0	65.5	0.0	0.0
2623.0	65.25	0.0	0.0
2628.0	65.0	0.0	0.0
2633.0	65.25	0.0	0.0
2638.0	65.0	0.0	0.0
2643.0	65.25	0.0	0.0
2648.0	65.0	0.0	0.0
2653.0	65.25	0.0	0.0
2658.0	65.25	0.0	0.0
2663.0	65.25	0.0	0.0
2668.0	65.0	0.0	0.0
2673.0	64.75	0.0	0.0
2678.0	64.25	0.0	0.0
2683.0	64.5	0.0	0.0
2688.0	64.5	0.0	0.0
2693.0	64.5	0.0	0.0
2698.0	64.75	0.0	0.0
2703.0	64.25	0.0	0.0
2708.0	64.75	0.0	0.0
2713.0	64.5	0.0	0.0
2718.0	64.75	0.0	0.0
2724.0	64.5	0.0	0.0
2729.0	64.5	0.0	0.0
2734.0	64.25	0.0	0.0
2739.0	64.0	0.0	0.0
2744.0	64.25	0.0	0.0
2749.0	64.25	0.0	0.0
2754.0	64.25	0.0	0.0
2759.0	64.5	0.0	0.0
2764.0	63.75	0.0	0.0
2769.0	63.75	0.0	0.0
2774.0	64.0	0.0	0.0
2779.0	63.5	0.0	0.0
2784.0	64.0	0.0	0.0
2789.0	63.75	0.0	0.0
2794.0	63.5	0.0	0.0
2799.0	63.5	0.0	0.0
2804.0	63.75	0.0	0.0
2809.0	63.75	0.0	0.0
2814.0	63.75	0.0	0.0
2819.0	64.0	0.0	0.0
2824.0	63.5	0.0	0.0
2829.0	63.5	0.0	0.0
2834.0	63.25	0.0	0.0
2840.0	62.75	0.0	0.0
2845.0	63.25	0.0	0.0
2850.0	63.25	0.0	0.0
2855.0	63.25	0.0	0.0
2860.0	63.25	0.0	0.0
2865.0	63.0	0.0	0.0
2870.0	62.75	0.0	0.0
2875.0	62.75	0.0	0.0
2880.0	63.0	0.0	0.0
2885.0	63.0	0.0	0.0
2890.0	63.0	0.0	0.0
2895.0	62.75	0.0	0.0
2900.0	62.5	0.0	0.0
2905.0	62.75	0.0	0.0
2910.0	63.0	0.0	0.0
2915.0	63.0	0.0	0.0
2920.0	62.25	0.0	0.0
2925.0	62.25	0.0	0.0
2930.0	62.75	0.0	0.0
2935.0	62.5	0.0	0.0
2940.0	62.5	0.0	0.0
2945.0	62.25	0.0	0.0
2950.0	62.25	0.0	0.0
2956.0	62.25	0.0	0.0
2961.0	62.0	0.0	0.0
2966.0	62.25	0.0	0.0
2971.0	61.5	0.0	0.0
2976.0	62.0	0.0	0.0
2981.0	62.0	0.0	0.0
2986.0	61.75	0.0	0.0
2991.0	61.75	0.0	0.0
2996.0	61.75	0.0	0.0
3001.0	61.75	0.0	0.0
3006.0	61.75	0.0	0.0
3011.0	61.5	0.0	0.0
3016.0	61.75	0.0	0.0
3021.0	61.5	0.0	0.0
3026.0	61.5	0.0	0.0
3031.0	61.25	0.0	0.0
3036.0	61.25	0.0	0.0
3041.0	61.5	0.0	0.0
3046.0	61.25	0.0	0.0
3052.0	61.0	0.0	0.0
3057.0	60.75	0.0	0.0
3062.0	61.25	0.0	0.0
3067.0	60.75	0.0	0.0
3072.0	61.25	0.0	0.0
3077.0	61.25	0.0	0.0
3082.0	61.25	0.0	0.0
3087.0	61.25	0.0	0.0
3092.0	61.25	0.0	0.0
3097.0	61.0	0.0	0.0
3102.0	61.0	0.0	0.0
3107.0	61.25	0.0	0.0
3112.0	61.0	0.0	0.0
3117.0	60.75	0.0	0.0
3122.0	60.75	0.0	0.0
3127.0	60.75	0.0	0.0
3132.0	61.0	0.0	0.0
3137.0	60.75	0.0	0.0
3142.0	60.5	0.0	0.0
3148.0	60.5	0.0	0.0
3153.0	60.25	0.0	0.0
3158.0	60.5	0.0	0.0
3163.0	59.75	0.0	0.0
3168.0	60.5	0.0	0.0
3173.0	59.5	0.0	0.0
3178.0	60.5	0.0	0.0
3183.0	60.5	0.0	0.0
3188.0	60.25	0.0	0.0
3193.0	59.75	0.0	0.0
3198.0	59.75	0.0	0.0
3203.0	60.25	0.0	0.0
3208.0	59.5	0.0	0.0
3213.0	59.5	0.0	0.0
3218.0	60.0	0.0	0.0
3223.0	60.0	0.0	0.0
3228.0	59.25	0.0	0.0
3233.0	59.5	0.0	0.0
3238.0	60.0	0.0	0.0
3243.0	59.5	0.0	0.0
3248.0	59.75	0.0	0.0
3253.0	59.0	0.0	0.0
3258.0	59.25	0.0	0.0
3263.0	59.0	0.0	0.0
3268.0	59.25	0.0	0.0
3273.0	59.25	0.0	0.0
3278.0	59.75	0.0	0.0
3283.0	59.25	0.0	0.0
3289.0	59.0	0.0	0.0
3294.0	59.0	0.0	0.0
3299.0	59.25	0.0	0.0
3304.0	59.25	0.0	0.0
3309.0	59.25	0.0	0.0
3314.0	59.25	0.0	0.0
3319.0	59.25	0.0	0.0
3324.0	59.25	0.0	0.0
3329.0	59.0	0.0	0.0
3334.0	59.0	0.0	0.0
3339.0	59.0	0.0	0.0
3344.0	58.5	0.0	0.0
3349.0	59.25	0.0	0.0
3354.0	59.0	0.0	0.0
3359.0	59.25	0.0	0.0
3364.0	59.0	0.0	0.0
3369.0	59.0	0.0	0.0
3374.0	58.75	0.0	0.0
3379.0	58.5	0.0	0.0
3384.0	58.75	0.0	0.0
3389.0	58.5	0.0	0.0
3394.0	58.75	0.0	0.0
3399.0	58.25	0.0	0.0
3404.0	58.5	0.0	0.0
3409.0	58.25	0.0	0.0
3414.0	58.0	0.0	0.0
3420.0	58.25	0.0	0.0
3425.0	58.5	0.0	0.0
3430.0	58.5	0.0	0.0
3435.0	58.25	0.0	0.0
3440.0	58.25	0.0	0.0
3445.0	57.75	0.0	0.0
3450.0	57.75	0.0	0.0
3455.0	57.5	0.0	0.0
3460.0	58.0	0.0	0.0
3465.0	58.0	0.0	0.0
3470.0	58.0	0.0	0.0
3475.0	57.5	0.0	0.0
3480.0	57.75	0.0	0.0
3485.0	57.75	0.0	0.0
3490.0	57.75	0.0	0.0
3495.0	57.75	0.0	0.0
3500.0	57.75	0.0	0.0
3505.0	57.75	0.0	0.0
3510.0	57.75	0.0	0.0
3515.0	57.5	0.0	0.0
3520.0	57.5	0.0	0.0
3525.0	57.5	0.0	0.0
3530.0	57.25	0.0	0.0
3535.0	57.25	0.0	0.0
3541.0	57.5	0.0	0.0
3546.0	57.0	0.0	0.0
3551.0	57.25	0.0	0.0
3556.0	57.25	0.0	0.0
3561.0	57.25	0.0	0.0
3566.0	57.0	0.0	0.0
3571.0	57.25	0.0	0.0
3576.0	56.75	0.0	0.0
3581.0	56.75	0.0	0.0
3586.0	56.75	0.0	0.0
3591.0	57.0	0.0	0.0
3596.0	56.75	0.0	0.0
3601.0	56.75	0.0	0.0
3606.0	56.25	0.0	0.0
3611.0	56.75	0.0	0.0
3616.0	56.75	0.0	0.0
3621.0	56.25	0.0	0.0
3626.0	56.5	0.0	0.0
3631.0	56.5	0.0	0.0
3636.0	57.0	0.0	0.0
3641.0	56.5	0.0	0.0
3646.0	56.5	0.0	0.0
3651.0	56.25	0.0	0.0
3656.0	56.5	0.0	0.0
3661.0	56.5	0.0	0.0
3666.0	56.25	0.0	0.0
3672.0	56.25	0.0	0.0
3677.0	56.25	0.0	0.0
3682.0	55.75	0.0	0.0
3687.0	56.25	0.0	0.0
3692.0	56.25	0.0	0.0
3697.0	56.25	0.0	0.0
3702.0	56.0	0.0	0.0
3707.0	56.0	0.0	0.0
3712.0	56.0	0.0	0.0
3717.0	56.0	0.0	0.0
3722.0	56.0	0.0	0.0
3727.0	56.0	0.0	0.0
3732.0	56.0	0.0	0.0
3737.0	55.75	0.0	0.0
3742.0	55.25	0.0	0.0
3747.0	55.75	0.0	0.0
3752.0	55.5	0.0	0.0
3757.0	54.75	0.0	0.0
3762.0	55.25	0.0	0.0
3767.0	55.5	0.0	0.0
3772.0	55.5	0.0	0.0
3777.0	55.75	0.0	0.0
3782.0	55.5	0.0	0.0
3787.0	55.5	0.0	0.0
3792.0	55.5	0.0	0.0
3797.0	55.5	0.0	0.0
3802.0	55.5	0.0	0.0
3807.0	55.25	0.0	0.0
3812.0	55.5	0.0	0.0
3818.0	55.25	0.0	0.0
3823.0	55.25	0.0	0.0
3828.0	55.5	0.0	0.0
3833.0	55.25	0.0	0.0
3838.0	55.0	0.0	0.0
3843.0	55.0	0.0	0.0
3848.0	54.75	0.0	0.0
3853.0	54.75	0.0	0.0
3858.0	55.0	0.0	0.0
3863.0	54.25	0.0	0.0
3868.0	55.25	0.0	0.0
3873.0	55.0	0.0	0.0
3878.0	55.0	0.0	0.0
3883.0	54.25	0.0	0.0
3888.0	55.0	0.0	0.0
3893.0	54.5	0.0	0.0
3898.0	54.0	0.0	0.0
3903.0	54.0	0.0	0.0
3908.0	54.5	0.0	0.0
3913.0	54.25	0.0	0.0
3918.0	54.0	0.0	0.0
3923.0	54.75	0.0	0.0
3928.0	54.5	0.0	0.0
3933.0	54.25	0.0	0.0
3938.0	54.0	0.0	0.0
3943.0	54.25	0.0	0.0
3948.0	54.0	0.0	0.0
3953.0	54.0	0.0	0.0
3958.0	54.0	0.0	0.0
3964.0	54.0	0.0	0.0
3969.0	54.0	0.0	0.0
3974.0	53.75	0.0	0.0
3979.0	53.75	0.0	0.0
3984.0	54.0	0.0	0.0
3989.0	53.75	0.0	0.0
3994.0	54.0	0.0	0.0
3999.0	54.0	0.0	0.0
4004.0	54.0	0.0	0.0
4009.0	54.0	0.0	0.0
4014.0	53.75	0.0	0.0
4019.0	53.75	0.0	0.0
4024.0	54.0	0.0	0.0
4029.0	53.5	0.0	0.0
4034.0	53.75	0.0	0.0
4039.0	53.75	0.0	0.0
4044.0	53.25	0.0	0.0
4049.0	53.75	0.0	0.0
4054.0	53.5	0.0	0.0
4059.0	53.5	0.0	0.0
4064.0	53.5	0.0	0.0
4069.0	53.5	0.0	0.0
4074.0	53.25	0.0	0.0
4079.0	53.25	0.0	0.0
4084.0	53.25	0.0	0.0
4089.0	53.25	0.0	0.0
4094.0	53.75	0.0	0.0
4099.0	53.0	0.0	0.0
4104.0	53.25	0.0	0.0
4109.0	53.0	0.0	0.0
4115.0	53.0	0.0	0.0
4120.0	53.0	0.0	0.0
4125.0	53.25	0.0	0.0
4130.0	53.25	0.0	0.0
4135.0	53.0	0.0	0.0
4140.0	53.0	0.0	0.0
4145.0	52.5	0.0	0.0
4150.0	53.25	0.0	0.0
4155.0	52.25	0.0	0.0
4160.0	52.75	0.0	0.0
4165.0	52.5	0.0	0.0
4170.0	52.75	0.0	0.0
4175.0	53.0	0.0	0.0
4180.0	52.5	0.0	0.0
4185.0	52.75	0.0	0.0
4190.0	52.75	0.0	0.0
4195.0	52.75	0.0	0.0
4200.0	53.0	0.0	0.0
4205.0	52.75	0.0	0.0
4210.0	52.75	0.0	0.0
4215.0	52.5	0.0	0.0
4221.0	52.25	0.0	0.0
4226.0	52.5	0.0	0.0
4231.0	52.0	0.0	0.0
4236.0	52.5	0.0	0.0
4241.0	52.25	0.0	0.0
4246.0	52.0	0.0	0.0
4251.0	52.0	0.0	0.0
4256.0	52.25	0.0	0.0
4261.0	52.0	0.0	0.0
4266.0	51.75	0.0	0.0
4271.0	52.25	0.0	0.0
4276.0	52.0	0.0	0.0
4281.0	52.25	0.0	0.0
4286.0	52.25	0.0	0.0
4291.0	52.0	0.0	0.0
4296.0	52.25	0.0	0.0
4301.0	52.0	0.0	0.0
4306.0	52.0	0.0	0.0
4311.0	52.0	0.0	0.0
4316.0	51.75	0.0	0.0
4321.0	52.0	0.0	0.0
4326.0	51.75	0.0	0.0
4331.0	51.5	0.0	0.0
4337.0	51.75	0.0	0.0
4342.0	52.0	0.0	0.0
4347.0	51.75	0.0	0.0
4352.0	51.25	0.0	0.0
4357.0	51.75	0.0	0.0
4362.0	51.75	0.0	0.0
4367.0	51.5	0.0	0.0
4372.0	51.75	0.0	0.0
4377.0	51.5	0.0	0.0
4382.0	51.75	0.0	0.0
4387.0	51.5	0.0	0.0
4392.0	51.5	0.0	0.0
4397.0	51.5	0.0	0.0
4402.0	51.0	0.0	0.0
4407.0	51.5	0.0	0.0
4412.0	51.25	0.0	0.0
4417.0	51.25	0.0	0.0
4422.0	51.5	0.0	0.0
4427.0	51.5	0.0	0.0
4432.0	51.0	0.0	0.0
4437.0	51.0	0.0	0.0
4442.0	50.75	0.0	0.0
4447.0	50.75	0.0	0.0
4452.0	50.75	0.0	0.0
4457.0	51.25	0.0	0.0
4462.0	51.0	0.0	0.0
4467.0	51.0	0.0	0.0
4472.0	51.0	0.0	0.0
4477.0	50.75	0.0	0.0
4482.0	50.75	0.0	0.0
4487.0	51.0	0.0	0.0
4493.0	51.0	0.0	0.0
4498.0	50.25	0.0	0.0
4503.0	50.5	0.0	0.0
4508.0	51.0	0.0	0.0
4513.0	50.75	0.0	0.0
4518.0	50.25	0.0	0.0
4523.0	50.75	0.0	0.0
4528.0	50.75	0.0	0.0
4533.0	50.75	0.0	0.0
4538.0	50.25	0.0	0.0
4543.0	50.75	0.0	0.0
4548.0	50.75	0.0	0.0
4553.0	50.5	0.0	0.0
4558.0	50.5	0.0	0.0
4563.0	50.0	0.0	0.0
4568.0	49.75	0.0	0.0
4573.0	50.5	0.0	0.0
4578.0	50.0	0.0	0.0
4583.0	50.25	0.0	0.0
4588.0	50.5	0.0	0.0
4593.0	50.25	0.0	0.0
4598.0	50.0	0.0	0.0
4603.0	50.0	0.0	0.0
4608.0	50.0	0.0	0.0
4613.0	50.25	0.0	0.0
4619.0	50.25	0.0	0.0
4624.0	50.25	0.0	0.0
4629.0	49.75	0.0	0.0
4634.0	49.5	0.0	0.0
4639.0	50.25	0.0	0.0
4644.0	49.75	0.0	0.0
4649.0	50.0	0.0	0.0
4654.0	49.5	0.0	0.0
4659.0	50.0	0.0	0.0
4664.0	49.25	0.0	0.0
4669.0	49.75	0.0	0.0
4674.0	49.75	0.0	0.0
4679.0	49.5	0.0	0.0
4684.0	49.5	0.0	0.0
4689.0	49.5	0.0	0.0
4694.0	49.5	0.0	0.0
4699.0	49.5	0.0	0.0
4704.0	49.5	0.0	0.0
4709.0	49.25	0.0	0.0
4714.0	48.75	0.0	0.0
4719.0	49.0	0.0	0.0
4724.0	49.5	0.0	0.0
4729.0	49.5	0.0	0.0
4734.0	49.25	0.0	0.0
4740.0	49.0	0.0	0.0
4745.0	48.5	0.0	0.0
4750.0	49.0	0.0	0.0
4755.0	49.0	0.0	0.0
4760.0	49.25	0.0	0.0
4765.0	48.5	0.0	0.0
4770.0	49.25	0.0	0.0
4775.0	48.5	0.0	0.0
4780.0	48.5	0.0	0.0
4785.0	49.0	0.0	0.0
4790.0	49.25	0.0	0.0
4795.0	48.75	0.0	0.0
4800.0	49.0	0.0	0.0
4805.0	49.25	0.0	0.0
4810.0	49.0	0.0	0.0
4815.0	49.0	0.0	0.0
4820.0	49.0	0.0	0.0
4825.0	48.75	0.0	0.0
4830.0	48.5	0.0	0.0
4835.0	49.0	0.0	0.0
4840.0	48.75	0.0	0.0
4845.0	49.0	0.0	0.0
4850.0	48.75	0.0	0.0
4855.0	48.25	0.0	0.0
4860.0	48.75	0.0	0.0
4865.0	48.5	0.0	0.0
4870.0	48.75	0.0	0.0
4875.0	48.75	0.0	0.0
4880.0	48.75	0.0	0.0
4885.0	48.75	0.0	0.0
4891.0	48.25	0.0	0.0
4896.0	48.5	0.0	0.0
4901.0	48.25	0.0	0.0
4906.0	48.0	0.0	0.0
4911.0	48.25	0.0	0.0
4916.0	48.5	0.0	0.0
4921.0	48.25	0.0	0.0
4926.0	48.5	0.0	0.0
4931.0	48.0	0.0	0.0
4936.0	48.5	0.0	0.0
4941.0	48.5	0.0	0.0
4946.0	47.75	0.0	0.0
4951.0	47.5	0.0	0.0
4956.0	47.75	0.0	0.0
4961.0	47.75	0.0	0.0
4966.0	47.75	0.0	0.0
4971.0	48.0	0.0	0.0
4976.0	48.0	0.0	0.0
4981.0	48.0	0.0	0.0
4986.0	47.75	0.0	0.0
4991.0	47.75	0.0	0.0
4996.0	48.0	0.0	0.0
5001.0	47.75	0.0	0.0
5006.0	47.75	0.0	0.0
5011.0	47.5	0.0	0.0
5016.0	47.5	0.0	0.0
5021.0	47.5	0.0	0.0
5026.0	47.5	0.0	0.0
5031.0	47.5	0.0	0.0
5036.0	47.75	0.0	0.0
5041.0	47.5	0.0	0.0
5046.0	47.25	0.0	0.0
5051.0	47.5	0.0	0.0
5057.0	47.75	0.0	0.0
5062.0	47.5	0.0	0.0
5067.0	47.5	0.0	0.0
5072.0	47.5	0.0	0.0
5077.0	47.75	0.0	0.0
5082.0	47.0	0.0	0.0
5087.0	46.75	0.0	0.0
5092.0	47.75	0.0	0.0
5097.0	47.25	0.0	0.0
5102.0	47.5	0.0	0.0
5107.0	47.5	0.0	0.0
5112.0	47.25	0.0	0.0
5117.0	47.0	0.0	0.0
5122.0	46.75	0.0	0.0
5127.0	46.75	0.0	0.0
5132.0	47.0	0.0	0.0
5137.0	46.5	0.0	0.0
5142.0	47.0	0.0	0.0
5147.0	46.75	0.0	0.0
5152.0	46.75	0.0	0.0
5157.0	46.5	0.0	0.0
5162.0	46.75	0.0	0.0
5167.0	46.75	0.0	0.0
5172.0	46.75	0.0	0.0
5177.0	46.5	0.0	0.0
5182.0	46.75	0.0	0.0
5187.0	47.25	0.0	0.0
5192.0	47.0	0.0	0.0
5197.0	46.75	0.0	0.0
5203.0	46.75	0.0	0.0
5208.0	46.75	0.0	0.0
5213.0	46.5	0.0	0.0
5218.0	46.75	0.0	0.0
5223.0	46.75	0.0	0.0
5228.0	46.75	0.0	0.0
5233.0	46.5	0.0	0.0
5238.0	46.75	0.0	0.0
5243.0	46.5	0.0	0.0
5248.0	46.25	0.0	0.0
5253.0	46.5	0.0	0.0
5258.0	46.5	0.0	0.0
5263.0	46.75	0.0	0.0
5268.0	46.25	0.0	0.0
5273.0	46.75	0.0	0.0
5278.0	46.5	0.0	0.0
5283.0	45.75	0.0	0.0
5288.0	46.0	0.0	0.0
5293.0	46.25	0.0	0.0
5298.0	45.75	0.0	0.0
5303.0	46.25	0.0	0.0
5308.0	46.25	0.0	0.0
5313.0	46.25	0.0	0.0
5318.0	46.0	0.0	0.0
5323.0	46.25	0.0	0.0
5328.0	45.75	0.0	0.0
5333.0	45.75	0.0	0.0
5338.0	46.25	0.0	0.0
5343.0	46.0	0.0	0.0
5348.0	46.0	0.0	0.0
5353.0	45.75	0.0	0.0
5358.0	46.0	0.0	0.0
5363.0	45.75	0.0	0.0
5368.0	45.75	0.0	0.0
5373.0	46.0	0.0	0.0
5378.0	45.5	0.0	0.0
5383.0	46.0	0.0	0.0
5389.0	45.75	0.0	0.0
5394.0	46.25	0.0	0.0
5399.0	45.5	0.0	0.0
5404.0	46.0	0.0	0.0
5409.0	45.75	0.0	0.0
5414.0	45.75	0.0	0.0
5419.0	45.5	0.0	0.0
5424.0	45.75	0.0	0.0
5429.0	45.75	0.0	0.0
5434.0	45.75	0.0	0.0
5439.0	45.25	0.0	0.0
5444.0	45.5	0.0	0.0
5449.0	44.75	0.0	0.0
5454.0	45.75	0.0	0.0
5459.0	45.0	0.0	0.0
5464.0	45.25	0.0	0.0
5469.0	45.5	0.0	0.0
5474.0	45.25	0.0	0.0
5479.0	45.75	0.0	0.0
5484.0	45.5	0.0	0.0
5489.0	45.5	0.0	0.0
5494.0	45.0	0.0	0.0
5499.0	45.25	0.0	0.0
5504.0	45.0	0.0	0.0
5509.0	45.0	0.0	0.0
5514.0	45.25	0.0	0.0
5519.0	44.5	0.0	0.0
5524.0	45.5	0.0	0.0
5530.0	44.75	0.0	0.0
5535.0	45.25	0.0	0.0
5540.0	45.25	0.0	0.0
5545.0	44.75	0.0	0.0
5550.0	45.25	0.0	0.0
5555.0	45.5	0.0	0.0
5560.0	45.25	0.0	0.0
5565.0	45.25	0.0	0.0
5570.0	45.25	0.0	0.0
5575.0	44.75	0.0	0.0
5580.0	44.75	0.0	0.0
5585.0	44.75	0.0	0.0
5590.0	45.25	0.0	0.0
5595.0	44.5	0.0	0.0
5600.0	44.75	0.0	0.0
5605.0	45.0	0.0	0.0
5610.0	45.0	0.0	0.0
5615.0	45.0	0.0	0.0
5620.0	45.0	0.0	0.0
5625.0	44.75	0.0	0.0
5630.0	45.0	0.0	0.0
5635.0	44.5	0.0	0.0
5640.0	44.75	0.0	0.0
5645.0	44.75	0.0	0.0
5650.0	44.75	0.0	0.0
5655.0	44.75	0.0	0.0
5661.0	44.25	0.0	0.0
5666.0	44.75	0.0	0.0
5671.0	44.75	0.0	0.0
5676.0	44.75	0.0	0.0
5681.0	44.25	0.0	0.0
5686.0	44.0	0.0	0.0
5691.0	44.75	0.0	0.0
5696.0	44.75	0.0	0.0
5701.0	44.25	0.0	0.0
5706.0	44.5	0.0	0.0
5711.0	44.75	0.0	0.0
5716.0	44.25	0.0	0.0
5721.0	44.5	0.0	0.0
5726.0	44.5	0.0	0.0
5731.0	44.0	0.0	0.0
5736.0	44.0	0.0	0.0
5741.0	44.0	0.0	0.0
5746.0	44.5	0.0	0.0
5751.0	44.0	0.0	0.0
5756.0	44.0	0.0	0.0
5761.0	43.75	0.0	0.0
5766.0	44.0	0.0	0.0
5771.0	44.5	0.0	0.0
5776.0	43.75	0.0	0.0
5781.0	44.5	0.0	0.0
5786.0	44.0	0.0	0.0
5792.0	43.75	0.0	0.0
5797.0	44.0	0.0	0.0
5802.0	43.75	0.0	0.0
5807.0	44.0	0.0	0.0
5812.0	44.25	0.0	0.0
5817.0	43.75	0.0	0.0
5822.0	43.25	0.0	0.0
5827.0	43.5	0.0	0.0
5832.0	44.0	0.0	0.0
5837.0	43.75	0.0	0.0
5842.0	43.75	0.0	0.0
5847.0	43.75	0.0	0.0
5852.0	43.25	0.0	0.0
5857.0	43.75	0.0	0.0
5862.0	43.25	0.0	0.0
5867.0	43.75	0.0	0.0
5872.0	43.75	0.0	0.0
5877.0	43.5	0.0	0.0
5882.0	43.5	0.0	0.0
5887.0	43.75	0.0	0.0
5892.0	43.5	0.0	0.0
5897.0	43.5	0.0	0.0
5902.0	43.5	0.0	0.0
5908.0	43.5	0.0	0.0
5913.0	43.0	0.0	0.0
5918.0	43.75	0.0	0.0
5923.0	43.5	0.0	0.0
5928.0	43.25	0.0	0.0
5933.0	43.5	0.0	0.0
5938.0	43.5	0.0	0.0
5943.0	43.0	0.0	0.0
5948.0	43.0	0.0	0.0
5953.0	43.0	0.0	0.0
5958.0	43.5	0.0	0.0
5963.0	43.5	0.0	0.0
5968.0	43.5	0.0	0.0
5973.0	43.0	0.0	0.0
5978.0	43.5	0.0	0.0
5983.0	43.25	0.0	0.0
5988.0	42.75	0.0	0.0
5993.0	43.25	0.0	0.0
5998.0	43.25	0.0	0.0
6003.0	43.25	0.0	0.0
6008.0	43.25	0.0	0.0
6013.0	43.0	0.0	0.0
6018.0	43.0	0.0	0.0
6023.0	43.25	0.0	0.0
6028.0	43.0	0.0	0.0
6034.0	43.25	0.0	0.0
6039.0	43.25	0.0	0.0
6044.0	42.75	0.0	0.0
6049.0	42.75	0.0	0.0
6054.0	42.75	0.0	0.0
6059.0	42.5	0.0	0.0
6064.0	43.0	0.0	0.0
6069.0	43.0	0.0	0.0
6074.0	43.0	0.0	0.0
6079.0	43.0	0.0	0.0
6084.0	42.5	0.0	0.0
6089.0	42.25	0.0	0.0
6094.0	43.0	0.0	0.0
6099.0	42.75	0.0	0.0
6104.0	42.25	0.0	0.0
6109.0	42.75	0.0	0.0
6114.0	43.0	0.0	0.0
6119.0	42.5	0.0	0.0
6124.0	42.25	0.0	0.0
6129.0	43.0	0.0	0.0
6134.0	42.75	0.0	0.0
6139.0	42.5	0.0	0.0
6144.0	42.75	0.0	0.0
6149.0	42.5	0.0	0.0
6154.0	43.0	0.0	0.0
6159.0	42.0	0.0	0.0
6164.0	42.5	0.0	0.0
6169.0	42.25	0.0	0.0
6174.0	42.25	0.0	0.0
6179.0	42.0	0.0	0.0
6184.0	42.5	0.0	0.0
6190.0	42.5	0.0	0.0
6195.0	41.75	0.0	0.0
6200.0	42.25	0.0	0.0
6205.0	42.0	0.0	0.0
6210.0	42.0	0.0	0.0
6215.0	42.0	0.0	0.0
6220.0	42.0	0.0	0.0
6225.0	42.25	0.0	0.0
6230.0	41.75	0.0	0.0
6235.0	42.0	0.0	0.0
6240.0	42.5	0.0	0.0
6245.0	42.5	0.0	0.0
6250.0	42.25	0.0	0.0
6255.0	42.25	0.0	0.0
6260.0	42.0	0.0	0.0
6265.0	42.25	0.0	0.0
6270.0	42.25	0.0	0.0
6275.0	42.25	0.0	0.0
6280.0	41.75	0.0	0.0
6285.0	42.0	0.0	0.0
6290.0	42.0	0.0	0.0
6295.0	41.5	0.0	0.0
6300.0	42.0	0.0	0.0
6306.0	42.0	0.0	0.0
6311.0	42.0	0.0	0.0
6316.0	41.5	0.0	0.0
6321.0	42.0	0.0	0.0
