Tempo (s)	Sensor1	Sensor2	Sensor3
0.0	25.75	25.25	26.25
10.0	26.25	25.75	25.75
20.0	25.5	25.75	26.25
30.0	26.25	25.25	26.0
40.0	26.25	25.0	25.5
50.0	25.75	25.75	25.5
60.0	25.75	25.5	26.0
70.0	26.0	25.5	25.5
80.0	26.0	25.5	26.0
90.0	25.5	25.5	25.25
100.0	26.0	25.75	25.5
110.0	25.75	25.75	26.0
120.0	25.75	26.0	26.0
130.0	26.0	26.0	26.0
140.0	25.5	26.0	26.0
150.0	26.0	26.75	26.25
160.0	26.25	26.0	25.75
170.0	26.25	26.5	26.0
180.0	26.0	26.75	26.25
191.0	26.0	27.0	26.5
201.0	26.5	27.25	26.0
211.0	26.25	27.75	26.75
221.0	26.75	27.5	27.0
231.0	26.5	28.0	27.0
241.0	26.75	28.25	27.0
251.0	27.0	29.25	27.25
261.0	27.25	29.0	26.5
271.0	27.5	29.75	27.0
281.0	28.0	30.0	27.75
291.0	28.25	30.0	28.0
301.0	28.0	30.75	27.75
311.0	29.0	31.5	28.5
321.0	28.75	31.75	28.25
331.0	29.5	32.5	29.0
341.0	29.5	33.0	28.75
351.0	30.5	33.5	28.75
361.0	30.75	33.75	29.5
371.0	30.75	31.75	29.5
381.0	30.5	32.25	30.25
391.0	30.75	32.75	30.25
401.0	31.25	33.5	31.0
411.0	31.75	33.75	31.25
421.0	31.5	34.25	31.25
431.0	32.5	35.25	31.5
441.0	32.75	35.75	32.5
451.0	33.5	36.25	32.5
462.0	33.25	37.25	33.25
472.0	33.75	37.75	33.25
482.0	34.5	38.5	33.75
492.0	34.5	38.75	33.5
502.0	35.5	39.75	34.75
512.0	36.25	40.5	35.25
522.0	36.5	40.75	35.5
532.0	37.25	41.5	36.0
542.0	37.75	42.25	36.75
552.0	38.25	42.75	37.0
562.0	39.0	43.25	37.25
572.0	39.5	44.0	37.75
582.0	39.75	44.75	38.5
592.0	41.0	45.25	39.25
602.0	41.5	46.0	39.75
612.0	41.75	47.0	39.75
622.0	42.75	47.0	40.75
632.0	43.25	47.75	41.0
642.0	44.0	48.5	41.5
652.0	44.5	49.0	42.5
663.0	44.75	49.5	42.25
673.0	45.25	50.5	43.5
683.0	46.0	50.5	44.25
693.0	46.0	51.25	44.5
703.0	46.75	51.5	44.75
713.0	47.75	52.5	45.75
723.0	48.75	53.25	46.0
733.0	49.0	54.0	46.5
743.0	49.5	54.0	47.25
753.0	50.5	54.25	48.0
763.0	51.0	55.5	48.25
773.0	51.5	56.25	49.0
783.0	52.25	57.0	49.5
793.0	52.5	57.75	50.0
803.0	53.25	57.5	50.75
813.0	53.5	58.75	51.25
823.0	54.25	59.0	51.75
833.0	55.0	59.25	52.75
843.0	55.75	60.0	53.25
853.0	56.25	60.75	53.0
863.0	56.5	61.75	53.75
873.0	57.0	62.0	54.75
883.0	57.75	63.25	54.75
893.0	57.75	63.5	56.0
903.0	58.75	63.75	56.5
914.0	58.75	64.0	57.0
924.0	59.0	65.25	56.75
934.0	60.0	66.0	58.25
944.0	60.25	66.0	59.0
954.0	60.75	66.75	59.5
964.0	61.0	67.25	59.5
974.0	61.5	67.5	59.75
984.0	61.75	67.75	60.75
994.0	62.5	68.0	61.0
1004.0	62.75	68.75	61.5
1014.0	63.25	68.0	62.75
1024.0	63.0	68.25	63.0
1034.0	63.75	68.75	63.5
1044.0	64.0	68.75	63.75
1054.0	64.25	69.25	64.75
1064.0	64.25	69.5	64.5
1074.0	64.25	70.25	65.5
1084.0	64.75	69.75	65.5
1094.0	64.75	70.0	66.25
1104.0	64.25	70.0	67.0
1114.0	64.5	69.75	67.0
1124.0	64.5	70.0	67.5
1134.0	65.0	69.5	67.75
1144.0	64.5	70.0	67.75
1154.0	65.0	69.5	67.5
1164.0	65.0	70.25	68.25
1174.0	65.25	70.0	69.25
1185.0	64.75	70.0	69.0
1195.0	65.25	70.25	69.0
1205.0	65.25	70.0	69.75
1215.0	65.25	70.0	69.75
1225.0	65.25	70.0	70.25
1235.0	65.25	70.0	70.5
1245.0	65.0	70.0	71.0
1255.0	65.0	70.5	71.25
1265.0	65.25	69.75	71.0
1275.0	65.0	70.25	71.5
1285.0	65.0	70.5	71.75
1295.0	66.0	71.25	72.25
1305.0	66.25	72.0	72.25
1315.0	66.25	72.5	72.0
1325.0	66.75	72.25	72.5
1335.0	67.25	72.0	72.75
1345.0	67.5	73.25	72.75
1355.0	67.5	73.75	72.75
1365.0	67.5	74.0	73.25
1375.0	68.25	74.0	73.5
1385.0	68.5	73.75	73.25
1395.0	69.0	74.75	74.0
1405.0	68.75	74.5	74.25
1415.0	68.5	74.5	74.25
1426.0	69.5	74.5	74.5
1436.0	68.75	74.75	74.25
1446.0	69.75	74.5	74.75
1456.0	70.0	75.0	74.25
1466.0	69.5	75.5	75.25
1476.0	70.0	75.75	75.25
1486.0	70.5	76.0	75.0
1496.0	70.0	75.25	75.25
1506.0	70.5	75.5	75.75
1516.0	70.5	75.25	75.75
1526.0	70.0	75.75	76.0
1536.0	70.5	75.75	76.0
1546.0	70.75	76.0	75.75
1556.0	70.5	75.5	76.0
1566.0	70.75	76.25	76.75
1576.0	70.5	75.5	76.5
1586.0	70.75	74.75	76.5
1596.0	70.75	75.5	77.25
1606.0	70.5	75.75	76.75
1616.0	70.25	75.75	77.0
1627.0	70.25	75.75	77.0
1637.0	71.0	75.5	77.5
1647.0	70.75	75.75	77.5
1657.0	71.0	75.5	78.0
1667.0	71.25	76.25	77.5
1677.0	70.75	76.25	77.75
1687.0	71.25	76.0	77.25
1697.0	71.5	77.0	77.75
1707.0	71.25	77.75	78.0
1717.0	71.5	76.25	78.0
1727.0	72.0	77.25	78.25
1737.0	72.25	78.25	78.25
1747.0	72.5	78.25	78.25
1757.0	72.75	78.5	78.75
1767.0	73.0	79.25	79.0
1777.0	73.5	79.0	79.25
1787.0	73.75	78.75	79.25
1797.0	73.75	79.75	79.25
1807.0	73.75	79.75	79.0
1817.0	74.0	79.25	79.5
1827.0	74.25	79.5	79.75
1837.0	74.5	79.25	79.5
1847.0	74.5	80.25	80.0
1858.0	75.25	80.25	80.25
1868.0	74.75	80.5	80.5
1878.0	75.0	80.0	80.75
1888.0	75.5	80.25	81.0
1898.0	75.0	80.0	80.5
1908.0	75.75	81.25	80.5
1918.0	75.5	81.0	80.75
1928.0	75.75	80.75	81.25
1938.0	75.75	80.75	81.25
1948.0	75.75	80.5	81.25
1958.0	75.75	80.75	81.5
1968.0	75.75	80.5	81.5
1978.0	75.5	80.5	81.5
1988.0	76.0	80.5	82.0
1998.0	75.75	80.5	81.75
2008.0	75.5	81.0	82.0
2018.0	75.75	80.75	82.25
2028.0	76.0	80.5	82.0
2038.0	76.0	80.5	82.0
2048.0	75.75	80.5	82.25
2058.0	76.5	80.75	82.75
2068.0	76.0	81.0	82.5
2078.0	76.5	81.25	82.25
2088.0	76.25	81.5	83.0
2098.0	77.0	81.5	83.0
2108.0	77.25	81.75	83.0
2119.0	77.75	82.25	83.25
2129.0	77.5	82.0	83.75
2139.0	78.0	82.75	83.5
2149.0	78.25	82.75	83.75
2159.0	78.75	83.25	84.25
2169.0	78.75	83.75	84.25
2179.0	78.75	83.5	84.25
2189.0	78.75	83.5	84.25
2199.0	79.0	84.0	84.5
2209.0	79.0	83.75	83.75
2219.0	79.25	84.25	85.0
2229.0	78.75	84.25	84.75
2239.0	79.5	85.0	85.25
2249.0	79.75	84.75	85.0
2259.0	78.5	84.5	85.5
2269.0	79.5	84.25	85.25
2279.0	79.5	84.25	85.5
2289.0	80.0	84.25	85.0
2299.0	79.5	84.25	85.25
2309.0	79.75	85.0	85.5
2319.0	79.5	84.75	86.0
2329.0	79.75	84.5	86.0
2339.0	80.0	84.75	86.0
2349.0	79.25	84.75	86.0
2359.0	79.75	84.5	86.0
2369.0	79.25	84.75	86.5
2379.0	79.5	84.5	86.25
2390.0	80.0	85.25	86.75
2400.0	79.75	84.25	86.25
2410.0	79.75	84.75	86.5
2420.0	79.75	84.75	86.25
2430.0	80.0	84.75	86.5
2440.0	80.25	84.5	86.75
2450.0	80.25	85.75	86.75
2460.0	80.0	86.0	86.5
2470.0	80.75	86.75	87.25
2480.0	81.0	86.5	87.25
2490.0	81.25	87.0	87.0
2500.0	81.0	86.75	87.0
2510.0	81.75	86.75	87.0
2520.0	82.0	87.25	87.5
2530.0	82.5	87.25	87.5
2540.0	82.75	86.75	87.25
2550.0	83.0	87.25	88.0
2560.0	82.75	87.0	88.25
2570.0	82.75	88.0	88.25
2580.0	82.5	87.75	88.5
2590.0	82.75	88.0	88.75
2600.0	83.5	87.5	88.75
2611.0	83.25	88.0	88.5
2621.0	83.25	88.25	88.75
2631.0	83.0	88.25	89.0
2641.0	83.0	87.75	89.25
2651.0	83.25	87.5	89.25
2661.0	83.5	87.75	89.25
2671.0	83.5	87.5	89.5
2681.0	83.0	88.25	90.0
2691.0	83.5	87.75	89.75
2701.0	83.0	88.0	89.75
2711.0	83.25	88.0	90.25
2721.0	83.5	87.25	90.0
2731.0	83.75	87.5	90.25
2741.0	83.5	87.5	90.5
2751.0	83.5	88.25	90.5
2761.0	83.0	88.25	90.25
2771.0	83.25	88.25	90.5
2781.0	83.25	88.5	90.5
2791.0	83.25	88.5	90.5
2801.0	83.5	88.75	90.5
2811.0	83.5	88.25	90.5
2821.0	83.5	88.5	90.75
2831.0	83.75	88.0	91.0
2842.0	83.75	89.25	90.75
2852.0	84.25	89.75	91.25
2862.0	84.25	89.5	90.75
2872.0	84.5	89.25	91.25
2882.0	84.75	90.25	91.25
2892.0	84.75	89.75	91.25
2902.0	85.25	89.75	91.25
2912.0	85.5	90.5	91.75
2922.0	85.5	90.75	91.75
2932.0	85.75	91.25	91.75
2942.0	86.25	90.5	92.25
2952.0	86.25	90.75	92.0
2962.0	86.0	90.5	92.25
2972.0	86.5	91.0	92.0
2982.0	86.5	91.0	91.75
2992.0	86.75	91.0	92.5
3002.0	86.5	91.0	92.25
3012.0	86.5	90.75	92.5
3022.0	87.0	91.0	92.75
3032.0	86.75	91.25	92.75
3042.0	86.75	91.5	93.25
3052.0	86.5	91.0	92.75
3062.0	86.5	90.75	93.25
3072.0	86.75	90.75	93.25
3083.0	86.5	91.0	92.75
3093.0	86.25	91.0	93.5
3103.0	86.25	90.75	94.0
3113.0	86.5	90.25	94.0
3123.0	86.5	90.75	93.0
3133.0	86.25	90.75	94.0
3143.0	86.5	91.25	94.0
3153.0	86.25	91.0	93.75
3163.0	86.5	90.5	93.5
3173.0	86.5	91.5	93.75
3183.0	86.75	92.0	93.75
3193.0	86.5	91.75	93.75
3203.0	87.25	92.25	94.25
3213.0	87.25	92.5	94.25
3223.0	87.0	92.75	94.0
3233.0	87.5	92.5	94.25
3243.0	87.5	92.5	94.5
3253.0	88.0	93.5	94.75
3263.0	88.5	93.5	94.75
3273.0	88.5	93.5	95.0
3284.0	89.0	93.5	95.0
3294.0	89.25	93.5	95.0
3304.0	89.5	93.25	94.75
3314.0	89.0	93.75	95.0
3324.0	89.75	93.25	95.0
3334.0	89.75	93.5	95.5
3344.0	89.75	94.0	95.25
3354.0	89.75	93.75	95.25
3364.0	90.0	93.25	96.0
3374.0	89.75	93.75	95.75
3384.0	89.75	93.25	95.75
3394.0	89.25	93.0	96.25
3404.0	89.5	93.25	96.25
3414.0	89.75	93.0	95.75
3424.0	89.5	92.75	96.25
3434.0	89.25	93.75	96.25
3444.0	89.0	93.75	96.25
3454.0	88.75	93.75	96.75
3464.0	88.75	93.5	96.5
3474.0	89.0	94.0	96.5
3484.0	88.75	94.0	96.25
3494.0	88.75	94.0	96.75
3504.0	88.5	94.25	97.0
3514.0	88.75	93.5	97.0
3524.0	88.75	94.25	97.25
3535.0	89.0	94.0	97.0
3545.0	89.0	94.25	96.75
3555.0	88.5	94.0	97.0
3565.0	88.75	94.5	97.5
3575.0	89.0	94.5	97.5
3585.0	89.75	95.75	97.5
3595.0	90.25	95.0	97.25
3605.0	90.5	95.25	97.0
3615.0	90.75	95.75	98.0
3625.0	91.0	95.75	97.75
3635.0	91.25	95.25	97.75
3645.0	91.5	95.5	97.25
3655.0	91.5	96.25	98.0
3665.0	92.25	96.0	98.0
3675.0	92.25	96.5	98.25
3685.0	92.0	96.25	98.25
3695.0	92.75	96.5	98.0
3705.0	92.5	96.5	98.5
3715.0	92.25	97.0	98.25
3725.0	92.25	96.5	98.75
3735.0	92.0	96.5	98.75
3745.0	92.5	96.5	98.75
3755.0	92.25	96.75	98.75
3765.0	92.5	97.0	99.25
3775.0	92.0	96.0	99.25
3786.0	92.75	96.75	98.75
3796.0	92.25	96.5	99.5
3806.0	92.5	97.0	99.25
3816.0	92.25	96.75	99.5
3826.0	92.25	96.5	99.5
3836.0	92.0	96.5	99.75
3846.0	92.0	96.75	99.75
3856.0	92.25	96.75	99.75
3866.0	92.25	96.5	100.0
3876.0	92.0	96.75	99.75
3886.0	92.5	97.25	100.0
3896.0	92.75	96.5	99.75
3906.0	92.0	97.0	100.25
3916.0	92.75	97.25	100.0
3926.0	92.5	97.0	99.5
3936.0	92.75	96.75	99.75
3946.0	93.0	97.0	100.5
3956.0	93.25	97.25	100.25
3966.0	93.5	97.75	100.25
3976.0	93.75	97.75	100.25
3986.0	94.0	97.25	100.0
3996.0	94.0	97.75	100.5
4007.0	94.25	98.25	100.5
4017.0	94.75	98.75	100.25
4027.0	95.0	98.75	101.0
4037.0	95.0	98.5	100.75
4047.0	95.25	98.5	101.25
4057.0	95.5	99.25	101.0
4067.0	95.5	99.0	100.75
4077.0	95.5	98.5	101.0
4087.0	95.75	99.25	101.5
4097.0	95.5	99.0	101.5
4107.0	96.0	98.75	101.5
4117.0	95.25	98.75	101.75
4127.0	95.75	99.75	101.75
4137.0	95.0	99.0	101.75
4147.0	95.75	99.25	101.75
4157.0	95.5	99.5	102.0
4167.0	95.5	99.25	101.25
4177.0	95.25	98.75	102.0
4187.0	95.5	99.0	101.75
4197.0	95.0	99.25	102.0
4207.0	94.5	99.25	102.0
4217.0	95.0	99.0	101.5
4227.0	95.25	99.25	102.25
4237.0	95.0	99.0	101.75
4247.0	95.25	98.75	102.25
4258.0	95.25	98.5	101.75
4268.0	95.25	98.75	102.25
4278.0	94.75	98.5	102.25
4288.0	94.75	98.0	102.0
4298.0	95.0	98.5	102.5
4308.0	94.75	98.75	102.25
4318.0	94.5	99.0	102.25
4328.0	94.75	98.5	102.0
4338.0	95.0	99.0	102.0
4348.0	94.75	99.0	102.5
4358.0	94.5	98.75	101.75
4368.0	94.25	98.5	102.0
4378.0	94.5	98.0	102.0
4388.0	94.5	98.75	102.0
4398.0	95.0	98.75	101.75
4408.0	95.0	97.75	101.5
4418.0	94.5	98.25	102.25
4428.0	94.75	98.75	101.75
4438.0	95.25	99.25	101.5
4448.0	95.25	99.0	102.0
4458.0	94.75	99.25	101.75
4468.0	95.5	99.25	102.0
4478.0	95.75	99.5	102.0
4488.0	96.5	99.5	102.0
4498.0	96.75	100.0	102.0
4508.0	97.25	100.0	102.5
4519.0	97.5	101.25	102.75
4529.0	97.5	100.75	102.75
4539.0	98.25	101.5	102.5
4549.0	98.5	101.5	102.75
4559.0	98.75	102.0	103.0
4569.0	99.0	102.5	103.25
4579.0	99.0	102.25	102.5
4589.0	99.75	102.25	103.75
4599.0	100.0	102.0	103.0
4609.0	99.5	102.75	103.75
4619.0	99.75	102.25	104.0
4629.0	100.25	102.75	103.5
4639.0	100.25	103.0	104.0
4649.0	100.25	102.5	104.0
4659.0	100.75	103.0	104.25
4669.0	100.0	103.0	104.0
4679.0	100.5	102.25	104.25
4689.0	100.25	102.5	104.25
4699.0	100.5	102.25	104.5
4709.0	100.0	102.75	104.25
4720.0	100.5	102.25	104.75
4730.0	101.0	102.75	105.0
4740.0	100.5	102.25	105.0
4750.0	100.75	102.75	104.75
4760.0	100.25	102.5	104.75
4770.0	100.5	102.0	104.5
4780.0	100.5	102.25	105.0
4790.0	100.5	102.25	105.0
4800.0	99.75	102.75	105.0
4810.0	100.25	102.75	105.0
4820.0	100.0	102.5	105.0
4830.0	99.75	102.0	105.5
4840.0	99.75	102.25	105.5
4850.0	99.5	102.5	105.5
4860.0	99.75	102.5	105.25
4870.0	99.0	102.5	104.75
4880.0	99.0	102.25	105.25
4890.0	99.0	102.0	105.25
4900.0	99.0	102.25	105.5
4910.0	99.0	102.25	105.25
4920.0	99.0	102.25	105.25
4930.0	99.25	102.25	105.0
4940.0	98.5	102.25	105.5
4950.0	98.75	102.25	105.25
4961.0	99.0	102.0	105.0
4971.0	98.5	102.0	105.25
4981.0	98.75	101.5	105.25
4991.0	98.75	102.0	104.75
5001.0	98.75	101.75	104.75
5011.0	98.25	101.75	105.0
5021.0	99.0	102.25	105.25
5031.0	98.75	102.0	105.5
5041.0	98.5	102.0	105.25
5051.0	99.0	102.25	104.75
5061.0	99.0	102.25	105.25
5071.0	99.5	102.25	105.25
5081.0	99.0	102.75	105.0
5091.0	100.0	102.75	105.75
5101.0	100.5	102.5	105.25
5111.0	100.25	103.0	105.5
5121.0	101.0	103.25	105.0
5131.0	101.25	103.5	105.5
5141.0	101.5	103.75	105.5
5151.0	101.5	104.5	106.0
5161.0	102.25	105.0	105.5
5171.0	102.5	105.0	105.75
5181.0	102.0	105.0	106.0
5191.0	102.25	105.25	106.0
5201.0	102.5	105.0	106.0
5211.0	102.75	105.75	105.75
5221.0	103.0	105.5	105.5
5231.0	102.75	105.75	106.5
5241.0	103.25	106.0	106.25
5252.0	103.75	105.5	106.75
5262.0	104.0	105.5	106.75
5272.0	104.0	105.75	107.25
5282.0	104.0	105.75	107.5
5292.0	104.0	105.75	107.0
5302.0	104.25	105.75	107.0
5312.0	104.0	105.75	107.5
5322.0	103.75	106.25	107.5
5332.0	104.75	106.0	107.5
5342.0	104.5	105.75	108.0
5352.0	104.25	105.5	107.75
5362.0	104.25	105.5	107.75
5372.0	104.25	106.0	107.75
5382.0	104.0	105.5	107.5
5392.0	104.5	106.0	108.25
5402.0	104.0	105.0	108.0
5412.0	104.0	105.25	107.75
5422.0	104.0	105.75	108.5
5432.0	104.0	105.5	108.5
5442.0	104.0	105.25	108.5
5452.0	104.0	105.25	108.5
5462.0	103.5	105.0	108.5
5472.0	103.5	105.25	108.5
5482.0	102.75	105.25	108.5
5493.0	103.0	104.75	108.25
5503.0	102.5	105.0	108.25
5513.0	103.0	104.75	108.5
5523.0	102.25	104.75	108.5
5533.0	102.5	105.0	108.5
5543.0	102.0	105.0	108.0
5553.0	102.0	104.5	108.25
5563.0	102.0	105.25	108.25
5573.0	102.0	104.5	108.75
5583.0	102.0	104.5	108.5
5593.0	101.75	104.25	108.25
5603.0	101.5	104.25	108.5
5613.0	101.75	104.5	108.5
5623.0	101.75	104.0	108.0
5633.0	102.0	104.25	108.0
5643.0	102.25	104.75	108.25
5653.0	102.0	104.75	108.25
5663.0	102.5	104.75	108.25
5673.0	102.25	105.0	108.0
5684.0	103.0	105.0	107.5
5694.0	103.0	105.0	108.25
5704.0	103.25	105.75	108.25
5714.0	103.25	106.0	108.25
5724.0	104.0	106.25	108.75
5734.0	104.0	106.5	108.25
5744.0	104.5	106.5	108.75
5754.0	104.75	106.75	108.5
5764.0	104.5	107.5	108.25
5774.0	104.75	107.75	109.0
5784.0	104.75	108.0	108.25
5794.0	105.5	108.0	108.5
5804.0	103.75	107.25	102.0
5814.0	101.75	107.75	100.5
5824.0	103.0	108.0	100.25
5834.0	103.75	108.25	103.25
5844.0	103.75	108.25	103.0
5854.0	103.5	108.0	103.0
5864.0	104.25	108.0	102.75
5874.0	106.5	108.25	109.5
5884.0	105.5	108.25	102.75
5894.0	106.0	108.5	104.0
5904.0	106.5	108.25	110.0
5914.0	106.75	108.25	110.25
5924.0	105.5	108.5	104.75
5934.0	106.75	107.75	110.0
5944.0	106.75	108.5	110.25
5954.0	106.25	108.5	110.0
5965.0	106.75	108.0	109.5
5975.0	106.75	108.5	110.5
5985.0	106.5	108.5	110.75
5995.0	106.25	107.75	110.5
6005.0	106.25	107.75	110.5
6015.0	106.25	108.25	110.75
6025.0	106.0	107.75	110.25
6035.0	106.25	107.5	110.25
6045.0	106.5	107.75	110.75
6055.0	106.25	108.0	110.75
6065.0	106.0	107.75	110.25
6075.0	105.75	107.75	111.0
6085.0	105.75	107.5	110.25
6095.0	105.75	107.5	110.5
6105.0	105.75	107.75	110.5
6115.0	105.5	107.25	110.75
6125.0	105.75	107.5	111.0
6135.0	106.0	107.0	111.0
6145.0	105.0	106.75	110.75
6155.0	105.25	107.5	111.0
6165.0	104.75	107.25	110.5
6175.0	104.75	106.75	110.5
6185.0	105.0	106.75	110.75
6195.0	105.0	107.0	110.75
6205.0	105.0	106.75	110.5
6215.0	105.0	106.5	110.5
6225.0	105.0	107.0	110.25
6235.0	105.0	106.75	110.25
6245.0	105.25	106.75	109.75
6255.0	105.5	107.25	110.25
6265.0	106.0	107.0	110.25
6276.0	105.5	107.5	110.75
6286.0	106.25	108.5	110.75
6296.0	106.0	108.0	110.75
6306.0	106.5	108.75	110.25
6316.0	106.75	109.0	110.75
6326.0	107.25	108.75	111.0
6336.0	107.0	109.5	111.0
6346.0	107.5	109.5	111.25
6356.0	107.25	109.25	110.75
6366.0	108.0	110.0	111.0
6376.0	108.5	110.25	111.25
6386.0	108.25	110.0	111.5
6396.0	108.5	110.25	111.5
6406.0	108.25	110.5	111.5
6416.0	108.5	110.5	111.5
6426.0	109.0	110.75	111.75
6436.0	109.0	110.0	111.75
6446.0	109.0	110.75	112.0
6456.0	109.25	110.0	112.25
6466.0	109.25	110.5	112.25
6476.0	109.0	110.5	112.25
6486.0	109.0	110.25	112.75
6496.0	109.5	110.5	111.75
6506.0	109.0	110.75	112.75
6516.0	109.5	110.25	112.75
6527.0	109.5	110.25	113.0
6537.0	109.5	109.75	112.25
6547.0	109.5	110.5	112.5
6557.0	109.0	110.5	113.0
6567.0	109.5	110.5	113.0
6577.0	109.75	110.5	112.5
6587.0	109.5	110.5	112.75
6597.0	109.5	110.25	113.0
6607.0	109.5	109.75	113.0
6617.0	109.0	109.75	112.75
6627.0	109.25	110.0	113.0
6637.0	109.0	110.25	113.0
6647.0	108.75	109.75	113.5
6657.0	109.0	109.75	112.5
6667.0	108.5	109.75	113.5
6677.0	108.75	109.0	113.25
6687.0	108.5	109.25	113.25
6697.0	108.5	109.5	113.5
6707.0	108.75	109.25	113.25
6717.0	108.75	108.75	112.75
6727.0	108.0	109.0	113.5
6738.0	108.25	109.0	112.75
6748.0	107.75	108.75	113.25
6758.0	107.75	108.75	113.0
6768.0	108.0	108.75	113.5
6778.0	107.75	108.5	113.0
6788.0	107.75	108.0	112.75
6798.0	107.25	108.25	113.0
6808.0	107.5	109.0	112.5
6818.0	107.5	109.0	112.75
6828.0	107.75	109.25	113.0
6838.0	108.25	109.0	112.75
6848.0	108.25	109.25	113.0
6858.0	108.5	110.25	113.0
6868.0	108.0	110.25	113.0
6878.0	108.75	110.5	112.75
6888.0	108.75	110.25	113.0
6898.0	109.25	111.25	112.75
6908.0	109.75	111.75	113.25
6918.0	110.0	111.75	113.0
6928.0	110.0	112.25	113.5
6938.0	109.75	112.25	113.5
6948.0	110.0	112.5	113.25
6958.0	110.5	112.75	113.5
6968.0	111.0	111.75	113.75
6978.0	111.25	113.0	114.0
6988.0	110.5	112.75	113.75
6998.0	111.25	112.75	114.0
7008.0	111.5	113.0	114.25
7018.0	111.5	113.0	114.25
7028.0	111.0	112.75	114.5
7039.0	111.5	112.75	114.5
7049.0	111.25	112.5	114.25
7059.0	111.75	112.5	114.5
7069.0	111.5	113.0	114.75
7079.0	111.75	112.75	115.0
7089.0	111.75	112.25	114.75
7099.0	111.75	112.75	114.5
7109.0	111.75	112.75	114.75
7119.0	112.0	112.75	115.0
7129.0	111.25	112.25	115.25
7139.0	111.5	112.5	114.75
7149.0	111.25	112.5	115.0
7159.0	111.25	111.5	115.0
7169.0	110.75	112.25	114.75
7179.0	111.5	112.0	115.25
7189.0	111.25	112.5	115.25
7199.0	111.5	111.5	115.0
7209.0	111.0	111.5	115.0
7219.0	110.5	111.75	114.75
7229.0	110.75	111.5	115.5
7239.0	110.75	111.5	115.25
7249.0	111.0	110.75	115.0
7259.0	110.75	111.25	114.75
7269.0	110.0	111.5	115.25
7279.0	110.0	111.0	115.25
7289.0	110.5	111.25	115.0
7299.0	110.0	110.75	115.25
7309.0	110.5	110.5	115.0
7320.0	110.0	111.0	115.0
7330.0	110.0	110.25	115.0
7340.0	110.0	110.25	114.0
7350.0	109.75	109.5	114.75
7360.0	109.75	109.75	114.25
7370.0	110.0	110.0	114.25
7380.0	109.5	109.75	114.5
7390.0	109.75	110.0	114.5
7400.0	109.5	110.0	114.25
7410.0	109.75	110.25	114.5
7420.0	110.0	110.0	114.5
7430.0	110.0	110.75	114.75
7440.0	109.25	110.75	114.5
7450.0	110.0	111.5	114.5
7460.0	110.5	111.75	114.25
7470.0	110.5	112.5	114.5
7480.0	111.0	112.0	114.25
7490.0	111.0	112.75	114.5
7500.0	111.0	112.75	114.75
7510.0	111.75	113.5	114.75
7520.0	111.25	113.75	114.75
7530.0	111.75	113.25	114.75
7540.0	111.25	113.5	114.75
7550.0	111.75	114.0	114.75
7561.0	112.0	114.5	115.25
7571.0	112.25	114.5	115.25
7581.0	112.5	114.25	115.5
7591.0	112.75	113.75	115.5
7601.0	113.0	113.75	115.5
7611.0	113.0	114.25	116.0
7621.0	113.0	113.75	115.25
7631.0	113.0	113.75	116.0
7641.0	113.0	114.5	116.0
7651.0	113.0	114.5	115.75
7661.0	113.25	114.5	116.0
7671.0	113.25	114.25	116.25
7681.0	113.25	114.0	116.25
7691.0	113.25	113.75	116.0
7701.0	112.75	114.0	116.5
7711.0	113.25	114.0	116.0
7721.0	113.25	113.75	115.5
7731.0	112.75	114.0	116.25
7741.0	113.25	113.5	117.0
7751.0	113.0	113.75	116.0
7761.0	113.0	113.75	116.5
7771.0	112.75	113.5	116.25
7781.0	113.0	112.75	116.5
7791.0	112.75	113.0	116.75
7802.0	112.75	113.0	116.75
7812.0	112.75	112.75	116.5
7822.0	112.75	112.5	116.75
7832.0	112.5	112.5	116.75
7842.0	112.5	112.5	116.75
7852.0	112.25	112.0	117.0
7862.0	112.5	112.0	116.5
7872.0	111.75	111.75	116.5
7882.0	112.0	112.0	116.75
7892.0	111.75	112.0	116.5
7902.0	112.0	111.75	116.0
7912.0	111.75	111.75	117.0
7922.0	112.25	111.75	116.5
7932.0	111.5	112.0	116.25
7942.0	112.0	111.75	116.25
7952.0	111.5	111.0	116.25
7962.0	112.0	111.5	116.5
7972.0	112.0	112.25	116.25
7982.0	112.0	111.75	116.25
7992.0	112.0	111.5	116.5
8002.0	112.0	112.0	116.0
8012.0	111.75	112.25	115.75
8022.0	111.75	112.75	116.0
8032.0	112.5	113.0	116.0
8042.0	112.0	113.75	116.0
8053.0	113.0	114.0	116.25
8063.0	112.5	114.0	116.5
8073.0	112.5	114.5	116.0
8083.0	113.25	115.0	116.5
8093.0	113.75	115.5	116.75
8103.0	113.5	115.5	116.75
8113.0	114.0	115.5	116.75
8123.0	114.0	115.25	116.75
8133.0	114.0	115.75	116.75
8143.0	114.25	115.75	116.75
8153.0	114.5	116.0	117.25
8163.0	114.75	116.0	117.25
8173.0	114.5	116.0	117.25
8183.0	114.5	115.75	117.25
8193.0	114.75	116.0	117.5
8203.0	114.75	115.75	117.75
8213.0	115.0	116.0	117.75
8223.0	115.25	115.75	117.75
8233.0	115.25	115.75	117.5
8243.0	115.25	115.75	117.25
8253.0	115.25	115.75	118.0
8263.0	115.0	115.5	118.25
8273.0	114.75	115.75	118.0
8283.0	114.75	116.25	117.5
8294.0	115.0	115.25	118.25
8304.0	115.0	115.5	118.0
8314.0	115.0	115.5	117.75
8324.0	115.25	115.75	117.75
8334.0	114.75	115.25	118.25
8344.0	115.25	115.25	118.0
8354.0	114.5	114.75	118.0
8364.0	115.25	115.0	118.25
8374.0	115.0	115.0	118.25
8384.0	115.0	114.0	119.0
8394.0	114.75	114.0	117.75
8404.0	114.25	114.0	118.25
8414.0	114.5	114.0	118.0
8424.0	114.25	114.25	118.5
8434.0	113.75	114.0	118.5
8444.0	113.75	114.25	118.25
8454.0	113.75	113.5	118.0
8464.0	114.0	113.5	118.25
8474.0	113.75	113.25	118.5
8484.0	113.5	113.25	118.25
8494.0	113.25	113.5	117.75
8504.0	114.0	113.25	118.25
8514.0	113.75	113.25	118.25
8524.0	113.5	113.25	118.0
8534.0	113.75	112.75	118.0
8545.0	113.75	113.5	118.0
8555.0	114.0	113.0	117.75
8565.0	113.75	113.5	117.5
8575.0	113.75	113.25	117.5
8585.0	114.25	113.75	118.25
8595.0	114.0	114.5	117.75
8605.0	113.5	115.0	117.25
8615.0	113.25	115.0	117.75
8625.0	114.5	115.75	117.5
8635.0	114.25	116.0	117.75
8645.0	115.0	116.0	118.0
8655.0	115.25	116.5	117.75
8665.0	115.25	116.25	118.0
8675.0	115.0	117.0	118.0
8685.0	115.5	116.25	118.5
8695.0	115.5	116.25	118.5
8705.0	115.75	117.25	118.5
8715.0	115.5	117.25	117.75
8725.0	116.0	117.0	118.25
8735.0	116.25	117.5	118.5
8745.0	116.5	117.25	118.25
8755.0	115.75	117.25	118.5
8765.0	116.5	116.75	118.75
8775.0	116.5	117.0	119.0
8786.0	116.5	117.25	118.75
8796.0	116.5	117.5	118.75
8806.0	116.75	117.25	119.0
8816.0	116.75	116.75	118.75
8826.0	116.75	116.75	119.0
8836.0	116.25	117.25	119.0
8846.0	116.75	116.75	119.25
8856.0	116.25	117.0	119.0
8866.0	117.0	117.0	119.5
8876.0	116.75	116.75	119.25
8886.0	116.75	117.0	119.5
8896.0	116.75	116.5	118.75
8906.0	116.75	116.75	119.75
8916.0	116.0	116.75	119.0
8926.0	116.5	116.75	119.5
8936.0	116.75	116.5	119.25
8946.0	116.0	116.5	119.75
8956.0	116.25	116.25	119.5
8966.0	116.5	116.25	119.25
8976.0	116.5	116.25	119.5
8986.0	116.25	116.0	119.5
8996.0	116.25	115.5	119.5
9006.0	116.25	115.0	119.0
9016.0	116.0	115.25	119.5
9026.0	115.25	114.25	119.5
9036.0	115.75	114.5	119.25
9046.0	116.0	115.25	119.25
9056.0	115.75	114.75	119.0
9067.0	115.5	115.0	119.25
9077.0	116.0	114.25	119.5
9087.0	115.5	114.75	118.75
9097.0	115.0	115.25	119.25
9107.0	115.0	115.0	119.0
9117.0	115.25	114.5	118.75
9127.0	115.5	114.5	119.0
9137.0	115.0	115.0	119.0
9147.0	115.25	115.0	118.25
9157.0	115.25	114.25	118.25
9167.0	115.0	115.0	119.0
9177.0	114.75	115.0	118.75
9187.0	115.5	115.75	118.75
9197.0	115.0	116.0	118.75
9207.0	115.75	115.75	118.5
9217.0	115.25	116.25	118.5
9227.0	115.0	116.75	118.25
9237.0	116.0	116.5	119.0
9247.0	116.0	117.0	119.0
9257.0	116.5	117.5	119.0
9267.0	116.5	117.5	119.0
9277.0	116.5	117.75	119.25
9287.0	116.75	117.75	119.0
9297.0	116.25	118.25	119.25
9307.0	117.0	118.0	119.25
9317.0	117.5	118.25	119.5
9327.0	116.75	118.25	118.75
9337.0	117.5	118.5	119.5
9347.0	117.25	118.25	119.5
9357.0	117.25	118.5	119.75
9367.0	117.5	118.25	119.75
9377.0	117.5	118.5	120.0
9388.0	118.0	118.5	119.75
9398.0	117.75	118.5	119.75
9408.0	117.75	118.0	119.75
9418.0	117.5	118.25	119.75
9428.0	117.75	118.5	120.0
9438.0	118.0	118.5	120.0
9448.0	118.0	118.0	120.0
9458.0	117.75	118.0	120.0
9468.0	117.75	118.5	120.25
9478.0	117.5	117.75	120.5
9488.0	117.5	118.25	120.5
9498.0	117.75	117.75	120.25
9508.0	117.5	118.0	120.5
9518.0	117.5	117.75	120.25
9528.0	117.25	117.5	120.25
9538.0	117.75	116.75	120.25
9548.0	117.5	117.0	120.25
9558.0	117.5	117.25	120.0
9568.0	117.0	117.5	120.5
9578.0	117.5	117.5	120.25
9588.0	117.5	117.25	120.25
9598.0	117.75	117.0	120.25
9608.0	117.25	116.75	120.0
9618.0	117.25	117.0	120.75
9629.0	117.0	116.5	120.5
9639.0	117.0	116.75	119.75
9649.0	117.25	116.0	120.25
9659.0	117.0	116.75	120.25
9669.0	116.5	116.75	120.0
9679.0	117.0	116.75	120.0
9689.0	116.5	116.75	120.0
9699.0	116.5	116.0	119.75
9709.0	116.75	116.25	119.75
9719.0	116.25	116.5	119.75
9729.0	116.25	116.5	119.75
9739.0	116.25	116.5	120.0
9749.0	116.5	116.5	120.0
9759.0	117.0	116.5	119.75
9769.0	116.5	116.5	120.0
9779.0	116.75	116.5	119.5
9789.0	116.5	117.0	119.25
9799.0	116.5	117.0	119.25
9809.0	116.75	117.25	119.75
9819.0	116.25	117.25	119.25
9829.0	117.25	117.75	119.75
9839.0	116.75	118.0	119.5
9849.0	117.5	118.5	119.5
9859.0	117.75	118.5	119.5
9869.0	118.0	119.0	120.0
9879.0	118.0	119.25	120.0
9889.0	117.75	119.0	120.25
9899.0	117.75	119.0	120.25
9909.0	118.0	119.5	120.25
9919.0	118.25	119.75	120.0
9930.0	118.75	119.5	120.5
9940.0	118.75	119.75	120.75
9950.0	118.75	119.75	120.5
9960.0	119.0	119.75	121.0
9970.0	118.5	119.5	120.25
9980.0	119.0	119.75	120.75
9990.0	119.0	120.0	120.75
10000.0	118.75	119.25	121.0
10010.0	119.0	120.0	120.75
10020.0	119.5	120.0	121.0
10030.0	119.25	120.0	121.5
10040.0	119.25	119.75	121.25
10050.0	119.25	119.75	121.25
10060.0	119.25	119.5	121.5
10070.0	119.5	119.25	121.25
10080.0	119.25	119.75	121.75
10090.0	119.5	119.75	121.5
10100.0	119.25	119.5	121.5
10110.0	119.25	119.75	121.5
10120.0	119.0	119.25	121.25
10130.0	119.25	119.5	121.75
10140.0	119.5	119.5	121.5
10150.0	119.5	119.0	121.5
10160.0	119.25	119.0	121.5
10171.0	119.0	118.5	121.5
10181.0	118.75	118.75	121.75
10191.0	118.75	119.0	121.5
10201.0	118.5	118.75	121.5
10211.0	119.0	118.25	121.5
10221.0	118.75	118.25	121.5
10231.0	119.0	118.0	121.25
10241.0	118.25	118.25	121.0
10251.0	118.5	118.0	121.75
10261.0	118.5	118.0	121.0
10271.0	118.5	117.5	120.75
10281.0	118.5	117.5	121.5
10291.0	118.25	117.25	121.5
10301.0	117.75	117.5	121.5
10311.0	118.25	117.5	121.5
10321.0	118.0	117.5	121.0
10331.0	117.5	117.5	120.75
10341.0	118.0	117.5	121.25
10351.0	117.75	116.5	121.0
10361.0	117.5	117.0	121.0
10371.0	117.5	117.25	121.25
10381.0	118.0	117.5	121.0
10391.0	117.75	117.5	120.75
10401.0	117.75	117.5	120.5
10411.0	117.75	117.5	120.5
10421.0	118.0	117.75	120.5
10431.0	117.75	117.25	120.5
10441.0	118.0	118.25	120.5
10451.0	118.0	118.0	121.0
10461.0	117.75	118.75	120.5
10471.0	117.5	118.5	120.75
10482.0	118.25	118.5	121.0
10492.0	118.5	118.75	120.25
10502.0	118.5	119.25	121.0
10512.0	118.25	119.75	120.5
10522.0	118.75	119.5	120.75
10532.0	118.75	120.0	120.25
10542.0	119.0	120.25	121.0
10552.0	119.25	120.25	120.75
10562.0	119.5	120.5	121.0
10572.0	119.25	120.25	120.5
10582.0	119.5	120.5	121.5
10592.0	120.0	120.25	121.25
10602.0	119.75	120.5	121.0
10612.0	119.5	120.75	121.25
10622.0	119.25	120.75	121.75
10632.0	120.0	120.75	121.75
10642.0	120.25	120.75	121.5
10652.0	120.0	120.75	122.0
10662.0	119.75	120.5	122.25
10672.0	120.0	120.75	121.75
10682.0	120.5	120.5	122.25
10692.0	120.5	120.25	121.75
10702.0	120.5	120.5	122.0
10712.0	120.25	120.75	122.0
10722.0	120.0	120.5	122.25
10732.0	120.0	120.75	122.25
10742.0	120.5	120.5	122.25
10752.0	120.25	120.0	122.25
10763.0	120.5	120.5	122.25
10773.0	120.5	120.25	122.5
10783.0	120.0	120.25	122.0
10793.0	120.25	120.25	122.5
10803.0	119.5	120.0	122.5
10813.0	120.0	120.25	122.0
10823.0	120.25	119.5	122.5
10833.0	119.75	119.75	122.0
10843.0	120.25	119.75	122.25
10853.0	120.0	119.5	122.0
10863.0	119.75	119.5	122.5
10873.0	120.0	119.75	122.75
10883.0	119.75	119.5	122.25
10893.0	119.75	119.25	122.5
10903.0	120.0	119.5	122.25
10913.0	119.75	118.75	122.0
10923.0	119.75	119.25	122.25
10933.0	119.25	119.0	121.75
10943.0	119.5	118.25	122.0
10953.0	119.5	118.75	122.0
10963.0	119.5	118.75	122.0
10973.0	119.75	118.5	122.25
10983.0	118.75	118.5	122.0
10993.0	119.25	118.0	122.0
11003.0	119.0	118.25	122.0
11013.0	119.25	118.25	122.0
11023.0	119.5	118.25	121.75
11033.0	119.0	118.0	122.0
11044.0	119.5	118.0	121.25
11054.0	119.5	118.5	121.75
11064.0	119.25	118.0	121.75
11074.0	119.0	118.25	121.75
11084.0	118.5	119.25	121.5
11094.0	119.0	119.25	121.5
11104.0	119.0	119.0	121.75
11114.0	118.75	119.5	121.5
11124.0	119.25	119.75	121.0
11134.0	119.0	120.0	121.5
11144.0	118.75	120.5	121.75
11154.0	119.25	120.5	121.75
11164.0	119.5	120.75	122.0
11174.0	119.5	120.75	122.0
11184.0	120.25	121.0	121.5
11194.0	120.25	120.75	121.75
11204.0	120.25	121.25	121.5
11214.0	120.5	121.25	122.25
11224.0	120.0	120.5	121.75
11234.0	120.75	121.25	122.25
11244.0	121.0	121.75	122.25
11254.0	121.0	121.25	121.75
11264.0	120.75	121.5	122.25
11274.0	121.0	121.25	122.75
11284.0	120.75	121.25	122.0
11294.0	120.75	121.25	122.75
11304.0	121.25	121.0	123.0
11315.0	120.75	121.25	122.75
11325.0	121.0	121.5	123.0
11335.0	121.5	121.0	123.25
11345.0	121.0	121.75	123.25
11355.0	121.5	121.25	123.25
11365.0	121.25	121.5	122.75
11375.0	121.0	121.25	122.75
11385.0	120.75	121.0	123.25
11395.0	120.75	121.25	123.25
11405.0	121.0	121.5	123.0
11415.0	121.25	121.0	123.25
11425.0	121.25	121.5	123.5
11435.0	121.25	121.25	123.0
11445.0	120.75	121.25	122.75
11455.0	121.0	121.25	123.25
11465.0	121.25	120.5	123.5
11475.0	120.5	120.75	123.5
11485.0	121.0	120.5	122.5
11495.0	121.0	120.75	123.5
11505.0	120.5	120.0	123.25
11515.0	120.75	120.5	123.5
11525.0	121.0	120.5	123.25
11535.0	120.5	120.5	122.75
11545.0	120.75	120.25	123.0
11555.0	120.25	120.0	123.5
11565.0	120.5	120.0	123.25
11575.0	120.25	119.75	123.25
11585.0	120.25	119.5	123.5
11595.0	120.25	119.75	123.0
11605.0	120.5	119.75	122.5
11615.0	120.25	119.5	122.75
11625.0	120.0	119.5	123.0
11635.0	120.0	119.0	122.75
11645.0	120.0	119.5	122.75
11655.0	119.75	119.5	122.25
11665.0	120.0	119.25	122.5
11676.0	119.75	119.25	122.25
11686.0	120.0	119.25	122.5
11696.0	119.75	119.5	122.5
11706.0	119.75	119.5	122.25
11716.0	119.75	119.75	122.5
11726.0	120.0	119.25	122.25
11736.0	119.75	119.25	122.25
11746.0	119.75	119.75	121.75
11756.0	119.25	119.5	122.25
11766.0	119.75	119.75	122.0
11776.0	120.0	119.75	122.25
11786.0	120.0	120.5	122.5
11796.0	120.25	120.5	122.25
11806.0	120.25	120.5	122.25
11816.0	120.25	120.75	121.75
11826.0	120.25	121.0	122.5
11836.0	120.25	121.0	122.25
11846.0	120.75	121.25	122.5
11856.0	121.0	121.75	122.0
11866.0	121.0	122.25	123.0
11876.0	120.5	122.0	121.75
11886.0	121.0	122.25	123.0
11896.0	121.25	122.25	123.0
11906.0	121.5	122.0	123.5
11916.0	121.25	121.75	123.25
11926.0	121.5	122.25	123.25
11936.0	121.5	122.0	123.5
11946.0	121.75	121.5	123.75
11956.0	121.5	121.75	123.25
11966.0	121.5	121.75	123.5
11976.0	121.5	122.0	123.25
11986.0	121.75	121.75	123.25
11996.0	121.5	122.25	123.5
12006.0	122.0	122.25	124.0
12016.0	121.75	122.0	123.75
12027.0	121.75	122.25	123.75
12037.0	122.0	122.0	123.5
12047.0	122.0	121.75	123.25
12057.0	122.0	122.0	123.5
12067.0	122.0	121.75	123.25
12077.0	121.75	121.75	123.75
12087.0	121.5	121.75	123.75
12097.0	122.0	122.0	123.75
12107.0	121.5	121.5	123.5
12117.0	121.25	121.75	123.75
12127.0	121.5	121.5	123.75
12137.0	121.25	121.25	123.75
12147.0	121.25	121.5	123.5
12157.0	121.25	121.25	123.75
12167.0	120.75	121.25	123.75
12177.0	121.25	121.5	123.25
12187.0	121.75	120.75	124.0
12197.0	121.25	121.0	123.75
12207.0	121.5	120.75	123.75
12217.0	121.5	121.25	124.0
12227.0	121.25	120.75	123.75
12237.0	121.0	120.5	123.5
12247.0	121.25	120.5	123.5
12257.0	121.25	120.5	123.5
12268.0	121.25	120.0	123.5
12278.0	120.75	120.0	123.25
12288.0	120.75	120.0	123.5
12298.0	121.25	119.75	123.5
12308.0	121.0	119.5	123.0
12318.0	121.25	119.25	123.0
12328.0	121.25	119.5	123.25
12338.0	121.0	119.0	123.25
12348.0	120.25	120.25	122.75
12358.0	120.5	120.25	122.75
12368.0	120.5	120.25	122.75
12378.0	120.25	120.5	122.75
12388.0	120.75	120.5	122.5
12398.0	120.25	120.25	123.0
12408.0	120.5	120.25	122.75
12418.0	120.25	121.0	123.0
12428.0	120.75	121.25	122.75
12438.0	121.0	121.5	122.75
12448.0	121.0	121.5	122.75
12458.0	121.25	121.0	123.25
12468.0	121.25	121.75	123.0
12478.0	121.25	121.75	122.5
12488.0	121.75	122.0	122.25
12498.0	121.25	121.75	123.0
12508.0	121.25	122.0	123.5
12518.0	121.75	122.25	123.0
12529.0	121.5	122.25	123.25
12539.0	122.0	122.25	123.5
12549.0	121.75	122.5	123.25
12559.0	121.75	122.5	123.25
12569.0	122.25	122.5	123.5
12579.0	122.25	122.5	124.0
12589.0	121.5	122.0	123.25
12599.0	122.5	121.75	124.0
12609.0	122.0	122.25	123.25
12619.0	122.25	122.0	123.75
12629.0	122.25	122.25	123.5
12639.0	122.25	122.25	124.0
12649.0	122.25	122.25	123.75
12659.0	122.25	122.0	124.25
12669.0	122.25	122.0	124.0
12679.0	122.0	121.75	124.0
12689.0	122.25	122.0	124.25
12699.0	122.0	121.75	124.0
12709.0	122.25	122.25	124.25
12719.0	122.25	122.0	123.75
12729.0	122.25	121.75	124.25
12739.0	122.0	122.0	124.0
12749.0	122.25	121.75	124.25
12759.0	121.75	122.0	123.5
12769.0	121.75	121.5	124.25
12780.0	121.75	121.5	124.25
12790.0	121.5	121.75	124.0
12800.0	121.75	120.75	124.25
12810.0	121.5	121.5	124.0
12820.0	121.5	121.0	124.0
12830.0	121.75	121.5	124.25
12840.0	121.75	121.25	124.0
12850.0	121.5	120.5	123.5
12860.0	121.5	121.5	123.75
12870.0	121.5	121.0	123.5
12880.0	121.5	121.25	124.0
12890.0	121.5	121.25	123.75
12900.0	121.5	121.0	124.0
12910.0	121.25	120.75	123.5
12920.0	121.5	121.0	123.5
12930.0	121.5	121.0	124.0
12940.0	121.5	121.5	123.25
12950.0	121.5	121.0	122.75
12960.0	121.0	120.75	123.25
12970.0	121.5	120.75	122.75
12980.0	121.25	121.25	123.0
12990.0	121.25	121.0	123.0
13000.0	121.0	121.25	123.25
13010.0	120.75	121.0	123.5
13020.0	121.25	121.75	122.75
13030.0	121.25	122.0	122.75
13040.0	121.5	121.5	123.0
13050.0	121.5	122.25	123.5
13060.0	122.0	122.0	123.75
13070.0	122.0	122.25	123.0
13080.0	122.25	122.5	123.5
13090.0	122.25	122.75	123.5
13101.0	121.75	123.0	124.0
13111.0	121.75	122.5	123.0
13121.0	122.25	122.5	124.0
13131.0	122.75	123.0	123.75
13141.0	122.5	123.0	124.0
13151.0	122.75	123.0	124.0
13161.0	122.75	123.25	124.25
13171.0	122.5	123.0	124.0
13181.0	122.5	123.25	124.25
13191.0	122.25	123.25	124.5
13201.0	123.0	123.0	124.0
13211.0	123.0	123.25	124.0
13221.0	122.5	123.0	124.25
13231.0	122.5	123.0	124.75
13241.0	123.25	122.5	124.25
13251.0	122.75	123.0	124.25
13261.0	122.75	122.75	124.0
13271.0	122.75	122.5	124.5
13281.0	123.0	122.75	124.75
13291.0	122.75	122.5	124.75
13301.0	123.0	122.5	124.75
13311.0	122.75	122.25	124.75
13321.0	122.75	122.75	124.75
13331.0	122.75	122.5	124.75
13341.0	122.25	122.5	124.75
13352.0	122.5	122.5	125.0
13362.0	122.5	122.25	124.0
13372.0	122.5	122.0	124.75
13382.0	122.5	122.25	124.75
13392.0	122.5	122.0	124.75
13402.0	122.0	122.25	124.75
13412.0	122.5	121.75	124.25
13422.0	122.25	122.0	124.5
13432.0	122.25	121.75	124.75
13442.0	122.5	121.75	124.25
13452.0	122.25	121.25	124.5
13462.0	122.25	121.5	124.25
13472.0	122.0	121.25	124.25
13482.0	122.0	121.5	124.5
13492.0	122.25	121.5	124.5
13502.0	122.25	120.75	124.5
13512.0	121.75	121.25	124.5
13522.0	122.25	121.25	124.25
13532.0	122.25	121.5	123.75
13542.0	121.75	121.5	124.0
13552.0	122.0	121.25	124.25
13562.0	122.0	121.5	124.25
13572.0	121.25	121.5	124.0
13582.0	121.75	121.5	123.5
13593.0	122.0	121.5	123.75
13603.0	121.75	121.5	123.5
13613.0	121.5	121.5	123.75
13623.0	121.5	121.5	123.0
13633.0	121.5	121.5	123.5
13643.0	122.25	122.0	124.0
13653.0	122.0	122.25	123.75
13663.0	121.75	122.5	123.5
13673.0	122.25	122.5	124.0
13683.0	122.5	122.75	124.25
13693.0	122.25	123.0	123.75
13703.0	122.5	123.0	123.75
13713.0	122.0	122.75	123.75
13723.0	122.5	123.0	124.5
13733.0	122.75	123.5	123.75
13743.0	122.0	123.25	123.5
13753.0	122.75	123.5	124.75
13763.0	123.0	123.5	124.5
13773.0	123.0	123.25	124.5
13783.0	122.75	123.5	124.75
13793.0	123.25	123.5	124.75
13803.0	123.0	123.25	125.0
13813.0	123.0	123.5	124.75
13823.0	123.0	123.5	124.75
13833.0	123.0	123.5	124.75
13843.0	123.25	123.5	125.0
13853.0	123.25	123.5	125.0
13863.0	123.25	123.25	125.0
13873.0	122.75	123.5	124.75
13883.0	123.0	123.5	125.0
13894.0	123.0	123.0	124.25
13904.0	123.25	123.0	124.5
13914.0	123.25	123.0	125.25
13924.0	123.0	123.0	125.0
13934.0	123.5	123.0	125.0
13944.0	123.5	123.0	125.0
13954.0	123.0	123.0	124.75
13964.0	123.25	123.0	125.25
13974.0	123.0	123.0	125.0
13984.0	123.25	122.75	124.5
13994.0	122.5	122.25	124.75
14004.0	123.0	122.5	124.75
14014.0	123.0	122.75	125.0
14024.0	123.0	122.5	125.25
14034.0	122.5	122.5	124.75
14044.0	123.0	122.5	124.75
14054.0	123.0	122.5	124.0
14064.0	122.75	121.5	124.75
14074.0	122.25	122.0	125.0
14084.0	122.5	122.25	124.5
14094.0	122.5	121.75	125.0
14104.0	122.25	121.75	124.5
14114.0	122.5	121.75	124.5
14124.0	122.5	121.5	123.75
14134.0	122.5	122.0	124.5
14144.0	122.0	121.75	124.5
14154.0	122.5	121.75	124.25
14164.0	122.25	121.75	124.25
14174.0	122.0	121.75	124.0
